# Generated from current Luavi geometry; rerun generate_land_airfields.py after layout edits.
GENERATED 3 00000104.fld
HOLD 21071.6523 9720.4870
RUNWAY 18981.1732 9534.7511 104.21675 1301.5095 17.1753
TOUCHDOWN 20 10 300
TOUCHDOWN_SPEED 70.222
APPROACH FINAL
A 12195.5580 11253.8863 76.200 230.000 0 0 0 1542.588 230.000 0 0 0
A 12244.0267 11241.6068 76.200 230.000 0 0 0 1521.773 230.000 0 0 0
A 12292.4953 11229.3273 76.200 230.000 0 0 0 1501.108 230.000 0 0 0
A 12340.9640 11217.0477 76.200 230.000 0 0 0 1480.591 230.000 0 0 0
A 12389.4327 11204.7682 76.200 230.000 0 0 0 1460.223 230.000 0 0 0
A 12437.9014 11192.4887 76.200 230.000 0 0 0 1440.004 230.000 0 0 0
A 12486.3701 11180.2091 76.200 230.000 0 0 0 1419.933 230.000 0 0 0
A 12534.8387 11167.9296 76.200 230.000 0 0 0 1400.012 230.000 0 0 0
A 12583.3074 11155.6500 76.200 230.000 0 0 0 1380.239 230.000 0 0 0
A 12631.7761 11143.3705 76.200 230.000 0 0 0 1360.615 230.000 0 0 0
A 12680.2448 11131.0910 76.200 230.000 0 0 0 1341.139 230.000 0 0 0
A 12728.7135 11118.8114 76.200 230.000 0 0 0 1321.813 230.000 0 0 0
A 12777.1821 11106.5319 76.200 230.000 0 0 0 1302.635 230.000 0 0 0
A 12825.6508 11094.2524 76.200 230.000 0 0 0 1283.606 230.000 0 0 0
A 12874.1195 11081.9728 76.200 230.000 0 0 0 1264.726 230.000 0 0 0
A 12922.5882 11069.6933 76.200 230.000 0 0 0 1245.995 230.000 0 0 0
A 12971.0569 11057.4137 76.200 230.000 0 0 0 1227.412 230.000 0 0 0
A 13019.5255 11045.1342 76.200 230.000 0 0 0 1208.978 230.000 0 0 0
A 13067.9942 11032.8547 76.200 230.000 0 0 0 1190.693 230.000 0 0 0
A 13116.4629 11020.5751 76.200 230.000 0 0 0 1172.557 230.000 0 0 0
A 13164.9316 11008.2956 76.200 230.000 0 0 0 1154.569 230.000 0 0 0
A 13213.4003 10996.0161 76.200 230.000 0 0 0 1136.731 230.000 0 0 0
A 13261.8689 10983.7365 76.200 230.000 0 0 0 1119.041 230.000 0 0 0
A 13310.3376 10971.4570 76.200 230.000 0 0 0 1101.500 230.000 0 0 0
A 13358.8063 10959.1774 76.200 230.000 0 0 0 1084.107 230.000 0 0 0
A 13407.2750 10946.8979 76.200 230.000 0 0 0 1066.864 230.000 0 0 0
A 13455.7437 10934.6184 76.200 230.000 0 0 0 1049.769 230.000 0 0 0
A 13504.2123 10922.3388 76.200 230.000 0 0 0 1032.823 230.000 0 0 0
A 13552.6810 10910.0593 76.200 230.000 0 0 0 1016.025 230.000 0 0 0
A 13601.1497 10897.7798 76.200 230.000 0 0 0 999.377 230.000 0 0 0
A 13649.6184 10885.5002 76.200 230.000 0 0 0 982.877 230.000 0 0 0
A 13698.0871 10873.2207 76.200 228.803 0 0 0 966.526 228.803 0 0 0
A 13746.5557 10860.9411 76.200 226.807 0 0 0 950.324 226.807 0 0 0
A 13795.0244 10848.6616 76.200 224.811 0 0 0 934.271 224.811 0 0 0
A 13843.4931 10836.3821 76.200 222.815 0 0 0 918.366 222.815 0 0 0
A 13891.9618 10824.1025 76.200 220.819 0 0 0 902.610 220.819 0 0 0
A 13940.4305 10811.8230 76.200 218.824 0 0 0 887.003 218.824 0 0 0
A 13988.8991 10799.5435 76.200 216.828 0 0 0 871.545 216.828 0 0 0
A 14037.3678 10787.2639 76.200 214.832 0 0 0 856.236 214.832 0 0 0
A 14085.8365 10774.9844 76.200 212.836 0 0 0 841.075 212.836 0 0 0
A 14134.3052 10762.7048 76.200 210.840 0 0 0 826.063 210.840 0 0 0
A 14182.7739 10750.4253 76.200 208.845 0 0 0 811.200 208.845 0 0 0
A 14231.2425 10738.1458 76.200 206.849 0 0 0 796.486 206.849 0 0 0
A 14279.7112 10725.8662 76.200 204.853 0 0 0 781.920 204.853 0 0 0
A 14328.1799 10713.5867 76.200 202.857 0 0 0 767.503 202.857 0 0 0
A 14376.6486 10701.3072 76.200 200.861 0 0 0 753.235 200.861 0 0 0
A 14425.1173 10689.0276 76.200 198.866 0 0 0 739.116 198.866 0 0 0
A 14473.5859 10676.7481 76.200 196.870 0 0 0 725.146 196.870 0 0 0
A 14522.0546 10664.4685 76.200 194.874 0 0 0 711.324 194.874 0 0 0
A 14570.5233 10652.1890 76.200 192.878 0 0 0 697.651 192.878 0 0 0
A 14618.9920 10639.9095 76.200 190.882 0 0 0 684.127 190.882 0 0 0
A 14667.4607 10627.6299 76.200 188.887 0 0 0 670.752 188.887 0 0 0
A 14715.9293 10615.3504 76.200 186.891 0 0 0 657.525 186.891 0 0 0
A 14764.3980 10603.0709 76.200 184.895 0 0 0 644.447 184.895 0 0 0
A 14812.8667 10590.7913 76.200 182.899 0 0 0 631.518 182.899 0 0 0
A 14861.3354 10578.5118 76.200 180.903 0 0 0 618.738 180.903 0 0 0
A 14909.8041 10566.2322 76.200 178.908 0 0 0 606.107 178.908 0 0 0
A 14958.2727 10553.9527 76.200 176.912 0 0 0 593.624 176.912 0 0 0
A 15006.7414 10541.6732 76.200 174.916 0 0 0 581.290 174.916 0 0 0
A 15055.2101 10529.3936 76.200 172.920 0 0 0 569.105 172.920 0 0 0
A 15103.6788 10517.1141 76.200 170.924 0 0 0 557.069 170.924 0 0 0
A 15152.1475 10504.8346 76.200 168.929 0 0 0 545.181 168.929 0 0 0
A 15200.6161 10492.5550 76.200 166.933 0 0 0 533.443 166.933 0 0 0
A 15249.0848 10480.2755 76.200 164.937 0 0 0 521.853 164.937 0 0 0
A 15297.5535 10467.9959 76.200 162.941 0 0 0 510.411 162.941 0 0 0
A 15346.0222 10455.7164 76.200 160.945 0 0 0 499.119 160.945 0 0 0
A 15394.4909 10443.4369 76.200 158.950 0 0 0 487.975 158.950 0 0 0
A 15442.9595 10431.1573 76.200 156.954 0 0 0 476.981 156.954 0 0 0
A 15491.4282 10418.8778 76.200 154.958 0 0 0 466.135 154.958 0 0 0
A 15539.8969 10406.5982 76.200 152.962 0 0 0 455.437 152.962 0 0 0
A 15588.3656 10394.3187 76.200 150.966 0 0 0 444.889 150.966 0 0 0
A 15636.8343 10382.0392 76.200 148.971 0 0 0 434.489 148.971 0 0 0
A 15685.3029 10369.7596 76.200 146.975 0 0 0 424.238 146.975 0 0 0
A 15733.7716 10357.4801 76.200 144.979 0 0 0 414.136 144.979 0 0 0
A 15782.2403 10345.2006 76.200 142.983 0 0 0 404.183 142.983 0 0 0
A 15830.7090 10332.9210 76.200 140.987 0 0 0 394.378 140.987 0 0 0
A 15879.1777 10320.6415 76.200 138.992 0 0 0 384.722 138.992 0 0 0
A 15927.6463 10308.3619 76.200 136.996 0 1 0 375.215 136.996 0 1 0
A 15976.1150 10296.0824 76.200 135.000 0 1 0 365.857 135.000 0 1 0
A 16024.5837 10283.8029 76.200 133.004 0 1 0 356.647 133.004 0 1 0
A 16073.0524 10271.5233 76.200 131.008 0 1 0 347.587 131.008 0 1 0
A 16121.5211 10259.2438 76.200 129.013 0 1 0 338.675 129.013 0 1 0
A 16169.9897 10246.9643 76.200 127.017 0 1 0 329.912 127.017 0 1 0
A 16218.4584 10234.6847 76.200 125.021 0 1 0 321.297 125.021 0 1 0
A 16266.9271 10222.4052 76.200 123.025 0 1 0 312.832 123.025 0 1 0
A 16315.3958 10210.1256 76.200 121.029 0 1 0 304.515 121.029 0 1 0
A 16363.8645 10197.8461 76.200 119.034 0 1 0 296.347 119.034 0 1 0
A 16412.3332 10185.5666 76.200 117.038 1 1 0 288.328 117.038 1 1 0
A 16460.8018 10173.2870 76.200 115.042 1 1 0 280.457 115.042 1 1 0
A 16509.2705 10161.0075 76.200 113.046 1 1 0 272.735 113.046 1 1 0
A 16557.7392 10148.7280 76.200 111.051 1 1 0 265.163 111.051 1 1 0
A 16606.2079 10136.4484 76.200 109.055 1 1 0 257.738 109.055 1 1 0
A 16654.6766 10124.1689 76.200 107.059 1 1 0 250.463 107.059 1 1 0
A 16703.1452 10111.8893 76.200 105.063 1 1 0 243.336 105.063 1 1 0
A 16751.6139 10099.6098 76.200 103.067 1 1 0 236.359 103.067 1 1 0
A 16800.0826 10087.3303 76.200 101.072 1 1 0 229.530 101.072 1 1 0
A 16848.5513 10075.0507 76.200 99.076 1 1 0 222.849 99.076 1 1 0
A 16897.0200 10062.7712 76.200 97.080 1 1 0 216.318 97.080 1 1 0
A 16945.4886 10050.4917 76.200 95.084 1 1 0 209.935 95.084 1 1 0
A 16993.9573 10038.2121 76.200 93.088 1 1 0 203.701 93.088 1 1 0
A 17042.4260 10025.9326 76.200 91.093 1 1 0 197.616 91.093 1 1 0
A 17090.8947 10013.6530 76.200 89.097 1 1 0 191.680 89.097 1 1 0
A 17139.3634 10001.3735 76.200 87.101 1 1 0 185.893 87.101 1 1 0
A 17187.8320 9989.0940 76.200 85.105 1 1 0 180.254 85.105 1 1 0
A 17236.3007 9976.8144 76.200 83.109 1 1 0 174.764 83.109 1 1 0
A 17284.7694 9964.5349 76.200 82.311 1 1 0 169.423 82.311 1 1 0
A 17333.2381 9952.2554 76.200 82.311 1 1 0 164.230 82.311 1 1 0
A 17381.7068 9939.9758 76.200 82.311 1 1 0 159.187 82.311 1 1 0
A 17430.1754 9927.6963 76.200 82.311 1 1 0 154.292 82.311 1 1 0
A 17478.6441 9915.4167 76.200 82.311 1 1 0 149.546 82.311 1 1 0
A 17527.1128 9903.1372 76.200 82.311 1 1 0 144.948 82.311 1 1 0
A 17575.5815 9890.8577 76.200 82.311 1 1 0 140.500 82.311 1 1 0
A 17624.0502 9878.5781 76.200 82.311 1 1 0 136.200 82.311 1 1 0
A 17672.5188 9866.2986 74.299 82.311 1 1 0 130.148 82.311 1 1 0
A 17720.9875 9854.0191 71.678 82.311 1 1 0 123.525 82.311 1 1 0
A 17769.4562 9841.7395 69.058 82.311 1 1 0 117.051 82.311 1 1 0
A 17817.9249 9829.4600 66.437 82.311 1 1 0 110.726 82.311 1 1 0
A 17866.3936 9817.1804 63.817 82.311 1 1 0 104.550 82.311 1 1 0
A 17914.8622 9804.9009 61.197 82.311 1 1 0 98.523 82.311 1 1 0
A 17963.3309 9792.6214 58.576 82.311 1 1 0 92.644 82.311 1 1 0
A 18011.7996 9780.3418 55.956 82.311 1 1 0 86.914 82.311 1 1 0
A 18060.2683 9768.0623 53.336 82.311 1 1 0 81.333 82.311 1 1 0
A 18108.7370 9755.7828 50.715 82.311 1 1 0 75.901 82.311 1 1 0
A 18157.2056 9743.5032 48.095 82.311 1 1 0 70.617 82.311 1 1 0
A 18205.6743 9731.2237 45.474 82.311 1 1 0 65.482 82.311 1 1 0
A 18254.1430 9718.9441 42.854 82.311 1 1 0 60.496 82.311 1 1 0
A 18302.6117 9706.6646 40.234 82.311 1 1 0 55.659 82.311 1 1 0
A 18351.0804 9694.3851 37.613 82.311 1 1 0 50.971 82.311 1 1 0
A 18399.5490 9682.1055 34.993 82.311 1 1 0 46.431 82.311 1 1 0
A 18448.0177 9669.8260 32.372 82.311 1 1 0 42.040 82.311 1 1 0
A 18496.4864 9657.5465 29.752 82.311 1 1 0 37.798 82.311 1 1 0
A 18544.9551 9645.2669 27.132 82.311 1 1 0 33.705 82.311 1 1 0
A 18593.4238 9632.9874 24.511 82.311 1 1 0 29.760 82.311 1 1 0
A 18641.8924 9620.7078 21.891 82.311 1 1 0 25.964 82.311 1 1 0
A 18690.3611 9608.4283 19.270 82.311 1 1 0 22.318 82.311 1 1 0
A 18738.8298 9596.1488 16.650 82.311 1 1 0 18.819 82.311 1 1 0
A 18787.2985 9583.8692 14.030 82.311 1 1 0 15.470 82.311 1 1 0
A 18835.7672 9571.5897 11.409 82.311 1 1 0 12.269 82.311 1 1 0
A 18884.2358 9559.3102 8.789 82.311 1 1 0 9.217 82.311 1 1 0
A 18932.7045 9547.0306 6.169 82.311 1 1 0 6.314 82.311 1 1 0
A 18981.1732 9534.7511 3.548 82.311 1 1 0 3.560 82.311 1 1 0
A 19029.6419 9522.4715 2.500 82.311 1 1 0 2.500 82.311 1 1 0
A 19078.1106 9510.1920 2.500 82.311 1 1 0 2.500 82.311 1 1 0
REARM SUPPLY_CONTAINER_93144 19572.2877 9272.7404 174.599 19582.4900 9246.5400
ROUTE SUPPLY_CONTAINER_93144 IN
R 19000.5607 9529.8393 10.0
R 19002.8100 9529.2694 10.0
R 19005.0594 9528.6995 10.0
R 19008.9253 9527.7201 10.0
R 19012.7911 9526.7407 10.0
R 19016.6570 9525.7613 10.0
R 19020.5228 9524.7819 10.0
R 19024.3886 9523.8024 10.0
R 19028.2545 9522.8230 10.0
R 19032.1203 9521.8436 10.0
R 19035.9862 9520.8642 10.0
R 19039.8520 9519.8848 10.0
R 19043.7179 9518.9054 10.0
R 19047.5837 9517.9260 10.0
R 19051.4496 9516.9466 10.0
R 19055.3154 9515.9671 10.0
R 19059.1813 9514.9877 10.0
R 19063.0471 9514.0083 10.0
R 19066.9130 9513.0289 10.0
R 19070.7788 9512.0495 10.0
R 19074.6447 9511.0701 10.0
R 19078.5105 9510.0907 10.0
R 19082.3764 9509.1113 10.0
R 19086.2422 9508.1318 10.0
R 19090.1081 9507.1524 10.0
R 19093.9739 9506.1730 10.0
R 19097.8398 9505.1936 10.0
R 19101.7056 9504.2142 10.0
R 19105.5715 9503.2348 10.0
R 19109.4373 9502.2554 10.0
R 19113.3032 9501.2760 10.0
R 19117.1690 9500.2965 10.0
R 19121.0349 9499.3171 10.0
R 19124.9007 9498.3377 10.0
R 19128.7666 9497.3583 10.0
R 19132.6324 9496.3789 10.0
R 19136.4983 9495.3995 10.0
R 19140.3641 9494.4201 10.0
R 19144.2300 9493.4407 10.0
R 19148.0958 9492.4612 10.0
R 19151.9617 9491.4818 10.0
R 19155.8275 9490.5024 10.0
R 19159.6934 9489.5230 10.0
R 19163.5592 9488.5436 10.0
R 19167.4251 9487.5642 10.0
R 19171.2909 9486.5848 10.0
R 19175.1568 9485.6054 10.0
R 19179.0226 9484.6259 10.0
R 19182.8885 9483.6465 10.0
R 19186.7543 9482.6671 10.0
R 19190.6202 9481.6877 10.0
R 19194.4860 9480.7083 10.0
R 19198.3519 9479.7289 10.0
R 19202.2177 9478.7495 10.0
R 19206.0835 9477.7701 10.0
R 19209.9494 9476.7906 10.0
R 19213.8152 9475.8112 10.0
R 19217.6811 9474.8318 10.0
R 19221.5469 9473.8524 10.0
R 19225.4128 9472.8730 10.0
R 19229.2786 9471.8936 10.0
R 19233.1445 9470.9142 10.0
R 19237.0103 9469.9348 10.0
R 19240.8762 9468.9553 10.0
R 19244.7420 9467.9759 10.0
R 19248.6079 9466.9965 10.0
R 19252.4737 9466.0171 10.0
R 19256.3396 9465.0377 10.0
R 19260.2054 9464.0583 10.0
R 19264.0713 9463.0789 10.0
R 19267.9371 9462.0995 10.0
R 19271.8030 9461.1200 10.0
R 19275.6688 9460.1406 10.0
R 19279.5347 9459.1612 10.0
R 19283.4005 9458.1818 10.0
R 19287.2664 9457.2024 10.0
R 19291.1322 9456.2230 10.0
R 19294.9981 9455.2436 10.0
R 19298.8639 9454.2641 10.0
R 19302.7298 9453.2847 10.0
R 19306.5956 9452.3053 10.0
R 19310.4615 9451.3259 10.0
R 19314.3273 9450.3465 10.0
R 19318.1932 9449.3671 10.0
R 19322.0590 9448.3877 10.0
R 19325.9249 9447.4083 10.0
R 19329.7907 9446.4288 10.0
R 19333.6566 9445.4494 10.0
R 19337.5224 9444.4700 10.0
R 19341.3883 9443.4906 10.0
R 19345.2541 9442.5112 10.0
R 19349.1200 9441.5318 10.0
R 19352.9858 9440.5524 10.0
R 19356.8517 9439.5730 10.0
R 19360.7175 9438.5935 10.0
R 19364.5834 9437.6141 10.0
R 19368.4492 9436.6347 10.0
R 19372.3151 9435.6553 10.0
R 19376.1809 9434.6759 10.0
R 19380.0468 9433.6965 10.0
R 19383.9126 9432.7171 10.0
R 19387.7784 9431.7377 10.0
R 19391.6443 9430.7582 10.0
R 19395.5101 9429.7788 10.0
R 19399.3760 9428.7994 10.0
R 19403.2418 9427.8200 10.0
R 19407.1077 9426.8406 10.0
R 19410.9735 9425.8612 10.0
R 19414.8394 9424.8818 10.0
R 19418.7052 9423.9024 10.0
R 19422.5711 9422.9229 10.0
R 19426.4369 9421.9435 10.0
R 19430.3028 9420.9641 10.0
R 19434.1686 9419.9847 10.0
R 19438.0345 9419.0053 10.0
R 19441.9003 9418.0259 10.0
R 19445.7662 9417.0465 10.0
R 19449.6320 9416.0671 10.0
R 19453.4979 9415.0876 10.0
R 19457.3637 9414.1082 10.0
R 19461.2296 9413.1288 10.0
R 19465.0954 9412.1494 10.0
R 19468.9613 9411.1700 10.0
R 19472.8271 9410.1906 10.0
R 19476.6930 9409.2112 10.0
R 19480.5588 9408.2318 10.0
R 19484.4247 9407.2523 10.0
R 19488.2905 9406.2729 10.0
R 19492.1564 9405.2935 10.0
R 19496.0222 9404.3141 10.0
R 19499.8881 9403.3347 10.0
R 19503.7539 9402.3553 10.0
R 19507.6198 9401.3759 10.0
R 19511.4856 9400.3965 10.0
R 19515.3515 9399.4170 10.0
R 19519.2173 9398.4376 10.0
R 19523.0832 9397.4582 10.0
R 19526.9490 9396.4788 10.0
R 19530.8149 9395.4994 10.0
R 19534.6807 9394.5200 10.0
R 19538.5466 9393.5406 10.0
R 19542.4124 9392.5612 10.0
R 19546.2783 9391.5817 10.0
R 19550.1441 9390.6023 10.0
R 19554.0100 9389.6229 10.0
R 19557.8758 9388.6435 10.0
R 19561.7417 9387.6641 10.0
R 19565.6075 9386.6847 10.0
R 19569.4733 9385.7053 10.0
R 19573.3392 9384.7259 10.0
R 19577.2050 9383.7464 10.0
R 19581.0709 9382.7670 10.0
R 19584.9367 9381.7876 10.0
R 19588.8026 9380.8082 10.0
R 19592.6684 9379.8288 10.0
R 19596.5343 9378.8494 10.0
R 19600.4001 9377.8700 10.0
R 19604.2660 9376.8906 10.0
R 19608.1318 9375.9111 10.0
R 19611.9977 9374.9317 10.0
R 19613.1680 9374.6888 10.0
R 19616.6703 9373.7836 10.0
R 19620.1727 9372.8785 10.0
R 19623.6750 9371.9733 10.0
R 19622.9139 9368.9690 10.0
R 19622.1528 9365.9647 10.0
R 19622.6986 9362.9625 10.0
R 19623.2445 9359.9603 10.0
R 19623.3900 9359.1600 10.0
R 19623.8638 9356.5539 10.0
R 19624.3377 9353.9478 10.0
R 19624.6272 9352.3553 10.0
R 19623.6237 9348.7690 10.0
R 19622.6201 9345.1828 10.0
R 19621.6166 9341.5965 10.0
R 19620.6131 9338.0102 10.0
R 19619.6095 9334.4240 10.0
R 19618.6060 9330.8377 10.0
R 19617.6024 9327.2514 10.0
R 19616.5989 9323.6652 10.0
R 19615.5953 9320.0789 10.0
R 19614.5918 9316.4926 10.0
R 19613.5882 9312.9064 10.0
R 19612.5847 9309.3201 10.0
R 19611.8207 9308.1881 10.0
R 19609.7255 9305.0836 10.0
R 19607.6304 9301.9790 10.0
R 19605.5352 9298.8745 10.0
R 19603.4400 9295.7700 10.0
R 19601.8645 9293.4355 10.0
R 19600.2889 9291.1010 10.0
R 19598.7134 9288.7664 10.0
R 19597.6910 9289.4565 10.0
R 19594.7540 9288.6110 10.0
R 19591.8170 9287.7655 10.0
R 19588.8800 9286.9200 10.0
R 19585.9563 9286.0783 10.0
R 19583.0325 9285.2366 10.0
R 19580.1088 9284.3950 10.0
R 19578.2684 9283.4534 10.0
R 19576.4279 9282.5118 10.0
R 19576.6764 9279.8842 10.0
R 19574.1667 9279.6469 10.0
R 19571.6571 9279.4096 10.0
R 19571.9724 9276.0750 10.0
R 19572.2877 9272.7404 10.0
ROUTE SUPPLY_CONTAINER_93144 OUT
R 19572.2877 9272.7404 10.0
R 19571.9724 9276.0750 10.0
R 19571.6571 9279.4096 10.0
R 19574.1667 9279.6469 10.0
R 19576.6764 9279.8842 10.0
R 19576.4279 9282.5118 10.0
R 19578.2684 9283.4534 10.0
R 19580.1088 9284.3950 10.0
R 19583.0325 9285.2366 10.0
R 19585.9563 9286.0783 10.0
R 19588.8800 9286.9200 10.0
R 19591.8170 9287.7655 10.0
R 19594.7540 9288.6110 10.0
R 19597.6910 9289.4565 10.0
R 19598.7134 9288.7664 10.0
R 19600.2889 9291.1010 10.0
R 19601.8645 9293.4355 10.0
R 19603.4400 9295.7700 10.0
R 19605.5352 9298.8745 10.0
R 19607.6304 9301.9790 10.0
R 19609.7255 9305.0836 10.0
R 19611.8207 9308.1881 10.0
R 19612.5847 9309.3201 10.0
R 19613.5882 9312.9064 10.0
R 19614.5918 9316.4926 10.0
R 19615.5953 9320.0789 10.0
R 19616.5989 9323.6652 10.0
R 19617.6024 9327.2514 10.0
R 19618.6060 9330.8377 10.0
R 19619.6095 9334.4240 10.0
R 19620.6131 9338.0102 10.0
R 19621.6166 9341.5965 10.0
R 19622.6201 9345.1828 10.0
R 19623.6237 9348.7690 10.0
R 19624.6272 9352.3553 10.0
R 19624.3377 9353.9478 10.0
R 19623.8638 9356.5539 10.0
R 19623.3900 9359.1600 10.0
R 19623.2445 9359.9603 10.0
R 19622.6986 9362.9625 10.0
R 19622.1528 9365.9647 10.0
R 19622.9139 9368.9690 10.0
R 19623.6750 9371.9733 10.0
R 19620.1727 9372.8785 10.0
R 19616.6703 9373.7836 10.0
R 19613.1680 9374.6888 10.0
R 19611.9977 9374.9317 10.0
R 19608.1318 9375.9111 10.0
R 19604.2660 9376.8906 10.0
R 19600.4001 9377.8700 10.0
R 19596.5343 9378.8494 10.0
R 19592.6684 9379.8288 10.0
R 19588.8026 9380.8082 10.0
R 19584.9367 9381.7876 10.0
R 19581.0709 9382.7670 10.0
R 19577.2050 9383.7464 10.0
R 19573.3392 9384.7259 10.0
R 19569.4733 9385.7053 10.0
R 19565.6075 9386.6847 10.0
R 19561.7417 9387.6641 10.0
R 19557.8758 9388.6435 10.0
R 19554.0100 9389.6229 10.0
R 19550.1441 9390.6023 10.0
R 19546.2783 9391.5817 10.0
R 19542.4124 9392.5612 10.0
R 19538.5466 9393.5406 10.0
R 19534.6807 9394.5200 10.0
R 19530.8149 9395.4994 10.0
R 19526.9490 9396.4788 10.0
R 19523.0832 9397.4582 10.0
R 19519.2173 9398.4376 10.0
R 19515.3515 9399.4170 10.0
R 19511.4856 9400.3965 10.0
R 19507.6198 9401.3759 10.0
R 19503.7539 9402.3553 10.0
R 19499.8881 9403.3347 10.0
R 19496.0222 9404.3141 10.0
R 19492.1564 9405.2935 10.0
R 19488.2905 9406.2729 10.0
R 19484.4247 9407.2523 10.0
R 19480.5588 9408.2318 10.0
R 19476.6930 9409.2112 10.0
R 19472.8271 9410.1906 10.0
R 19468.9613 9411.1700 10.0
R 19465.0954 9412.1494 10.0
R 19461.2296 9413.1288 10.0
R 19457.3637 9414.1082 10.0
R 19453.4979 9415.0876 10.0
R 19449.6320 9416.0671 10.0
R 19445.7662 9417.0465 10.0
R 19441.9003 9418.0259 10.0
R 19438.0345 9419.0053 10.0
R 19434.1686 9419.9847 10.0
R 19430.3028 9420.9641 10.0
R 19426.4369 9421.9435 10.0
R 19422.5711 9422.9229 10.0
R 19418.7052 9423.9024 10.0
R 19414.8394 9424.8818 10.0
R 19410.9735 9425.8612 10.0
R 19407.1077 9426.8406 10.0
R 19403.2418 9427.8200 10.0
R 19399.3760 9428.7994 10.0
R 19395.5101 9429.7788 10.0
R 19391.6443 9430.7582 10.0
R 19387.7784 9431.7377 10.0
R 19383.9126 9432.7171 10.0
R 19380.0468 9433.6965 10.0
R 19376.1809 9434.6759 10.0
R 19372.3151 9435.6553 10.0
R 19368.4492 9436.6347 10.0
R 19364.5834 9437.6141 10.0
R 19360.7175 9438.5935 10.0
R 19356.8517 9439.5730 10.0
R 19352.9858 9440.5524 10.0
R 19349.1200 9441.5318 10.0
R 19345.2541 9442.5112 10.0
R 19341.3883 9443.4906 10.0
R 19337.5224 9444.4700 10.0
R 19333.6566 9445.4494 10.0
R 19329.7907 9446.4288 10.0
R 19325.9249 9447.4083 10.0
R 19322.0590 9448.3877 10.0
R 19318.1932 9449.3671 10.0
R 19314.3273 9450.3465 10.0
R 19310.4615 9451.3259 10.0
R 19306.5956 9452.3053 10.0
R 19302.7298 9453.2847 10.0
R 19298.8639 9454.2641 10.0
R 19294.9981 9455.2436 10.0
R 19291.1322 9456.2230 10.0
R 19287.2664 9457.2024 10.0
R 19283.4005 9458.1818 10.0
R 19279.5347 9459.1612 10.0
R 19275.6688 9460.1406 10.0
R 19271.8030 9461.1200 10.0
R 19267.9371 9462.0995 10.0
R 19264.0713 9463.0789 10.0
R 19260.2054 9464.0583 10.0
R 19256.3396 9465.0377 10.0
R 19252.4737 9466.0171 10.0
R 19248.6079 9466.9965 10.0
R 19244.7420 9467.9759 10.0
R 19240.8762 9468.9553 10.0
R 19237.0103 9469.9348 10.0
R 19233.1445 9470.9142 10.0
R 19229.2786 9471.8936 10.0
R 19225.4128 9472.8730 10.0
R 19221.5469 9473.8524 10.0
R 19217.6811 9474.8318 10.0
R 19213.8152 9475.8112 10.0
R 19209.9494 9476.7906 10.0
R 19206.0835 9477.7701 10.0
R 19202.2177 9478.7495 10.0
R 19198.3519 9479.7289 10.0
R 19194.4860 9480.7083 10.0
R 19190.6202 9481.6877 10.0
R 19186.7543 9482.6671 10.0
R 19182.8885 9483.6465 10.0
R 19179.0226 9484.6259 10.0
R 19175.1568 9485.6054 10.0
R 19171.2909 9486.5848 10.0
R 19167.4251 9487.5642 10.0
R 19163.5592 9488.5436 10.0
R 19159.6934 9489.5230 10.0
R 19155.8275 9490.5024 10.0
R 19151.9617 9491.4818 10.0
R 19148.0958 9492.4612 10.0
R 19144.2300 9493.4407 10.0
R 19140.3641 9494.4201 10.0
R 19136.4983 9495.3995 10.0
R 19132.6324 9496.3789 10.0
R 19128.7666 9497.3583 10.0
R 19124.9007 9498.3377 10.0
R 19121.0349 9499.3171 10.0
R 19117.1690 9500.2965 10.0
R 19113.3032 9501.2760 10.0
R 19109.4373 9502.2554 10.0
R 19105.5715 9503.2348 10.0
R 19101.7056 9504.2142 10.0
R 19097.8398 9505.1936 10.0
R 19093.9739 9506.1730 10.0
R 19090.1081 9507.1524 10.0
R 19086.2422 9508.1318 10.0
R 19082.3764 9509.1113 10.0
R 19078.5105 9510.0907 10.0
R 19074.6447 9511.0701 10.0
R 19070.7788 9512.0495 10.0
R 19066.9130 9513.0289 10.0
R 19063.0471 9514.0083 10.0
R 19059.1813 9514.9877 10.0
R 19055.3154 9515.9671 10.0
R 19051.4496 9516.9466 10.0
R 19047.5837 9517.9260 10.0
R 19043.7179 9518.9054 10.0
R 19039.8520 9519.8848 10.0
R 19035.9862 9520.8642 10.0
R 19032.1203 9521.8436 10.0
R 19028.2545 9522.8230 10.0
R 19024.3886 9523.8024 10.0
R 19020.5228 9524.7819 10.0
R 19016.6570 9525.7613 10.0
R 19012.7911 9526.7407 10.0
R 19008.9253 9527.7201 10.0
R 19005.0594 9528.6995 10.0
R 19002.8100 9529.2694 10.0
R 19000.5607 9529.8393 10.0
REARM TRUCK_93256 19652.5356 9272.9755 98.960 19676.3700 9267.3100
ROUTE TRUCK_93256 IN
R 19000.5607 9529.8393 10.0
R 19002.8100 9529.2694 10.0
R 19005.0594 9528.6995 10.0
R 19008.9253 9527.7201 10.0
R 19012.7911 9526.7407 10.0
R 19016.6570 9525.7613 10.0
R 19020.5228 9524.7819 10.0
R 19024.3886 9523.8024 10.0
R 19028.2545 9522.8230 10.0
R 19032.1203 9521.8436 10.0
R 19035.9862 9520.8642 10.0
R 19039.8520 9519.8848 10.0
R 19043.7179 9518.9054 10.0
R 19047.5837 9517.9260 10.0
R 19051.4496 9516.9466 10.0
R 19055.3154 9515.9671 10.0
R 19059.1813 9514.9877 10.0
R 19063.0471 9514.0083 10.0
R 19066.9130 9513.0289 10.0
R 19070.7788 9512.0495 10.0
R 19074.6447 9511.0701 10.0
R 19078.5105 9510.0907 10.0
R 19082.3764 9509.1113 10.0
R 19086.2422 9508.1318 10.0
R 19090.1081 9507.1524 10.0
R 19093.9739 9506.1730 10.0
R 19097.8398 9505.1936 10.0
R 19101.7056 9504.2142 10.0
R 19105.5715 9503.2348 10.0
R 19109.4373 9502.2554 10.0
R 19113.3032 9501.2760 10.0
R 19117.1690 9500.2965 10.0
R 19121.0349 9499.3171 10.0
R 19124.9007 9498.3377 10.0
R 19128.7666 9497.3583 10.0
R 19132.6324 9496.3789 10.0
R 19136.4983 9495.3995 10.0
R 19140.3641 9494.4201 10.0
R 19144.2300 9493.4407 10.0
R 19148.0958 9492.4612 10.0
R 19151.9617 9491.4818 10.0
R 19155.8275 9490.5024 10.0
R 19159.6934 9489.5230 10.0
R 19163.5592 9488.5436 10.0
R 19167.4251 9487.5642 10.0
R 19171.2909 9486.5848 10.0
R 19175.1568 9485.6054 10.0
R 19179.0226 9484.6259 10.0
R 19182.8885 9483.6465 10.0
R 19186.7543 9482.6671 10.0
R 19190.6202 9481.6877 10.0
R 19194.4860 9480.7083 10.0
R 19198.3519 9479.7289 10.0
R 19202.2177 9478.7495 10.0
R 19206.0835 9477.7701 10.0
R 19209.9494 9476.7906 10.0
R 19213.8152 9475.8112 10.0
R 19217.6811 9474.8318 10.0
R 19221.5469 9473.8524 10.0
R 19225.4128 9472.8730 10.0
R 19229.2786 9471.8936 10.0
R 19233.1445 9470.9142 10.0
R 19237.0103 9469.9348 10.0
R 19240.8762 9468.9553 10.0
R 19244.7420 9467.9759 10.0
R 19248.6079 9466.9965 10.0
R 19252.4737 9466.0171 10.0
R 19256.3396 9465.0377 10.0
R 19260.2054 9464.0583 10.0
R 19264.0713 9463.0789 10.0
R 19267.9371 9462.0995 10.0
R 19271.8030 9461.1200 10.0
R 19275.6688 9460.1406 10.0
R 19279.5347 9459.1612 10.0
R 19283.4005 9458.1818 10.0
R 19287.2664 9457.2024 10.0
R 19291.1322 9456.2230 10.0
R 19294.9981 9455.2436 10.0
R 19298.8639 9454.2641 10.0
R 19302.7298 9453.2847 10.0
R 19306.5956 9452.3053 10.0
R 19310.4615 9451.3259 10.0
R 19314.3273 9450.3465 10.0
R 19318.1932 9449.3671 10.0
R 19322.0590 9448.3877 10.0
R 19325.9249 9447.4083 10.0
R 19329.7907 9446.4288 10.0
R 19333.6566 9445.4494 10.0
R 19337.5224 9444.4700 10.0
R 19341.3883 9443.4906 10.0
R 19345.2541 9442.5112 10.0
R 19349.1200 9441.5318 10.0
R 19352.9858 9440.5524 10.0
R 19356.8517 9439.5730 10.0
R 19360.7175 9438.5935 10.0
R 19364.5834 9437.6141 10.0
R 19368.4492 9436.6347 10.0
R 19372.3151 9435.6553 10.0
R 19376.1809 9434.6759 10.0
R 19380.0468 9433.6965 10.0
R 19383.9126 9432.7171 10.0
R 19387.7784 9431.7377 10.0
R 19391.6443 9430.7582 10.0
R 19395.5101 9429.7788 10.0
R 19399.3760 9428.7994 10.0
R 19403.2418 9427.8200 10.0
R 19407.1077 9426.8406 10.0
R 19410.9735 9425.8612 10.0
R 19414.8394 9424.8818 10.0
R 19418.7052 9423.9024 10.0
R 19422.5711 9422.9229 10.0
R 19426.4369 9421.9435 10.0
R 19430.3028 9420.9641 10.0
R 19434.1686 9419.9847 10.0
R 19438.0345 9419.0053 10.0
R 19441.9003 9418.0259 10.0
R 19445.7662 9417.0465 10.0
R 19449.6320 9416.0671 10.0
R 19453.4979 9415.0876 10.0
R 19457.3637 9414.1082 10.0
R 19461.2296 9413.1288 10.0
R 19465.0954 9412.1494 10.0
R 19468.9613 9411.1700 10.0
R 19472.8271 9410.1906 10.0
R 19476.6930 9409.2112 10.0
R 19480.5588 9408.2318 10.0
R 19484.4247 9407.2523 10.0
R 19488.2905 9406.2729 10.0
R 19492.1564 9405.2935 10.0
R 19496.0222 9404.3141 10.0
R 19499.8881 9403.3347 10.0
R 19503.7539 9402.3553 10.0
R 19507.6198 9401.3759 10.0
R 19511.4856 9400.3965 10.0
R 19515.3515 9399.4170 10.0
R 19519.2173 9398.4376 10.0
R 19523.0832 9397.4582 10.0
R 19526.9490 9396.4788 10.0
R 19530.8149 9395.4994 10.0
R 19534.6807 9394.5200 10.0
R 19538.5466 9393.5406 10.0
R 19542.4124 9392.5612 10.0
R 19546.2783 9391.5817 10.0
R 19550.1441 9390.6023 10.0
R 19554.0100 9389.6229 10.0
R 19557.8758 9388.6435 10.0
R 19561.7417 9387.6641 10.0
R 19565.6075 9386.6847 10.0
R 19569.4733 9385.7053 10.0
R 19573.3392 9384.7259 10.0
R 19577.2050 9383.7464 10.0
R 19581.0709 9382.7670 10.0
R 19584.9367 9381.7876 10.0
R 19588.8026 9380.8082 10.0
R 19592.6684 9379.8288 10.0
R 19596.5343 9378.8494 10.0
R 19600.4001 9377.8700 10.0
R 19604.2660 9376.8906 10.0
R 19608.1318 9375.9111 10.0
R 19611.9977 9374.9317 10.0
R 19613.1680 9374.6888 10.0
R 19616.6703 9373.7836 10.0
R 19620.1727 9372.8785 10.0
R 19623.6750 9371.9733 10.0
R 19622.9139 9368.9690 10.0
R 19622.1528 9365.9647 10.0
R 19622.6986 9362.9625 10.0
R 19623.2445 9359.9603 10.0
R 19623.3900 9359.1600 10.0
R 19623.8638 9356.5539 10.0
R 19624.3377 9353.9478 10.0
R 19624.6272 9352.3553 10.0
R 19623.6237 9348.7690 10.0
R 19622.6201 9345.1828 10.0
R 19621.6166 9341.5965 10.0
R 19620.6131 9338.0102 10.0
R 19619.6095 9334.4240 10.0
R 19618.6060 9330.8377 10.0
R 19617.6024 9327.2514 10.0
R 19616.5989 9323.6652 10.0
R 19615.5953 9320.0789 10.0
R 19614.5918 9316.4926 10.0
R 19613.5882 9312.9064 10.0
R 19612.5847 9309.3201 10.0
R 19611.8207 9308.1881 10.0
R 19610.7152 9304.6732 10.0
R 19609.6096 9301.1583 10.0
R 19608.5040 9297.6433 10.0
R 19607.3985 9294.1284 10.0
R 19606.2929 9290.6135 10.0
R 19605.1873 9287.0986 10.0
R 19604.1897 9283.9270 10.0
R 19603.1922 9280.7554 10.0
R 19606.6968 9280.2029 10.0
R 19610.2014 9279.6503 10.0
R 19613.7061 9279.0977 10.0
R 19617.2107 9278.5451 10.0
R 19620.7154 9277.9926 10.0
R 19624.2200 9277.4400 10.0
R 19627.7595 9276.8819 10.0
R 19631.2989 9276.3239 10.0
R 19634.8384 9275.7658 10.0
R 19638.3778 9275.2078 10.0
R 19641.9173 9274.6497 10.0
R 19645.4567 9274.0916 10.0
R 19648.9962 9273.5336 10.0
R 19652.5356 9272.9755 10.0
ROUTE TRUCK_93256 OUT
R 19652.5356 9272.9755 10.0
R 19648.9962 9273.5336 10.0
R 19645.4567 9274.0916 10.0
R 19641.9173 9274.6497 10.0
R 19638.3778 9275.2078 10.0
R 19634.8384 9275.7658 10.0
R 19631.2989 9276.3239 10.0
R 19627.7595 9276.8819 10.0
R 19624.2200 9277.4400 10.0
R 19620.7154 9277.9926 10.0
R 19617.2107 9278.5451 10.0
R 19613.7061 9279.0977 10.0
R 19610.2014 9279.6503 10.0
R 19606.6968 9280.2029 10.0
R 19603.1922 9280.7554 10.0
R 19604.1897 9283.9270 10.0
R 19605.1873 9287.0986 10.0
R 19606.2929 9290.6135 10.0
R 19607.3985 9294.1284 10.0
R 19608.5040 9297.6433 10.0
R 19609.6096 9301.1583 10.0
R 19610.7152 9304.6732 10.0
R 19611.8207 9308.1881 10.0
R 19612.5847 9309.3201 10.0
R 19613.5882 9312.9064 10.0
R 19614.5918 9316.4926 10.0
R 19615.5953 9320.0789 10.0
R 19616.5989 9323.6652 10.0
R 19617.6024 9327.2514 10.0
R 19618.6060 9330.8377 10.0
R 19619.6095 9334.4240 10.0
R 19620.6131 9338.0102 10.0
R 19621.6166 9341.5965 10.0
R 19622.6201 9345.1828 10.0
R 19623.6237 9348.7690 10.0
R 19624.6272 9352.3553 10.0
R 19624.3377 9353.9478 10.0
R 19623.8638 9356.5539 10.0
R 19623.3900 9359.1600 10.0
R 19623.2445 9359.9603 10.0
R 19622.6986 9362.9625 10.0
R 19622.1528 9365.9647 10.0
R 19622.9139 9368.9690 10.0
R 19623.6750 9371.9733 10.0
R 19620.1727 9372.8785 10.0
R 19616.6703 9373.7836 10.0
R 19613.1680 9374.6888 10.0
R 19611.9977 9374.9317 10.0
R 19608.1318 9375.9111 10.0
R 19604.2660 9376.8906 10.0
R 19600.4001 9377.8700 10.0
R 19596.5343 9378.8494 10.0
R 19592.6684 9379.8288 10.0
R 19588.8026 9380.8082 10.0
R 19584.9367 9381.7876 10.0
R 19581.0709 9382.7670 10.0
R 19577.2050 9383.7464 10.0
R 19573.3392 9384.7259 10.0
R 19569.4733 9385.7053 10.0
R 19565.6075 9386.6847 10.0
R 19561.7417 9387.6641 10.0
R 19557.8758 9388.6435 10.0
R 19554.0100 9389.6229 10.0
R 19550.1441 9390.6023 10.0
R 19546.2783 9391.5817 10.0
R 19542.4124 9392.5612 10.0
R 19538.5466 9393.5406 10.0
R 19534.6807 9394.5200 10.0
R 19530.8149 9395.4994 10.0
R 19526.9490 9396.4788 10.0
R 19523.0832 9397.4582 10.0
R 19519.2173 9398.4376 10.0
R 19515.3515 9399.4170 10.0
R 19511.4856 9400.3965 10.0
R 19507.6198 9401.3759 10.0
R 19503.7539 9402.3553 10.0
R 19499.8881 9403.3347 10.0
R 19496.0222 9404.3141 10.0
R 19492.1564 9405.2935 10.0
R 19488.2905 9406.2729 10.0
R 19484.4247 9407.2523 10.0
R 19480.5588 9408.2318 10.0
R 19476.6930 9409.2112 10.0
R 19472.8271 9410.1906 10.0
R 19468.9613 9411.1700 10.0
R 19465.0954 9412.1494 10.0
R 19461.2296 9413.1288 10.0
R 19457.3637 9414.1082 10.0
R 19453.4979 9415.0876 10.0
R 19449.6320 9416.0671 10.0
R 19445.7662 9417.0465 10.0
R 19441.9003 9418.0259 10.0
R 19438.0345 9419.0053 10.0
R 19434.1686 9419.9847 10.0
R 19430.3028 9420.9641 10.0
R 19426.4369 9421.9435 10.0
R 19422.5711 9422.9229 10.0
R 19418.7052 9423.9024 10.0
R 19414.8394 9424.8818 10.0
R 19410.9735 9425.8612 10.0
R 19407.1077 9426.8406 10.0
R 19403.2418 9427.8200 10.0
R 19399.3760 9428.7994 10.0
R 19395.5101 9429.7788 10.0
R 19391.6443 9430.7582 10.0
R 19387.7784 9431.7377 10.0
R 19383.9126 9432.7171 10.0
R 19380.0468 9433.6965 10.0
R 19376.1809 9434.6759 10.0
R 19372.3151 9435.6553 10.0
R 19368.4492 9436.6347 10.0
R 19364.5834 9437.6141 10.0
R 19360.7175 9438.5935 10.0
R 19356.8517 9439.5730 10.0
R 19352.9858 9440.5524 10.0
R 19349.1200 9441.5318 10.0
R 19345.2541 9442.5112 10.0
R 19341.3883 9443.4906 10.0
R 19337.5224 9444.4700 10.0
R 19333.6566 9445.4494 10.0
R 19329.7907 9446.4288 10.0
R 19325.9249 9447.4083 10.0
R 19322.0590 9448.3877 10.0
R 19318.1932 9449.3671 10.0
R 19314.3273 9450.3465 10.0
R 19310.4615 9451.3259 10.0
R 19306.5956 9452.3053 10.0
R 19302.7298 9453.2847 10.0
R 19298.8639 9454.2641 10.0
R 19294.9981 9455.2436 10.0
R 19291.1322 9456.2230 10.0
R 19287.2664 9457.2024 10.0
R 19283.4005 9458.1818 10.0
R 19279.5347 9459.1612 10.0
R 19275.6688 9460.1406 10.0
R 19271.8030 9461.1200 10.0
R 19267.9371 9462.0995 10.0
R 19264.0713 9463.0789 10.0
R 19260.2054 9464.0583 10.0
R 19256.3396 9465.0377 10.0
R 19252.4737 9466.0171 10.0
R 19248.6079 9466.9965 10.0
R 19244.7420 9467.9759 10.0
R 19240.8762 9468.9553 10.0
R 19237.0103 9469.9348 10.0
R 19233.1445 9470.9142 10.0
R 19229.2786 9471.8936 10.0
R 19225.4128 9472.8730 10.0
R 19221.5469 9473.8524 10.0
R 19217.6811 9474.8318 10.0
R 19213.8152 9475.8112 10.0
R 19209.9494 9476.7906 10.0
R 19206.0835 9477.7701 10.0
R 19202.2177 9478.7495 10.0
R 19198.3519 9479.7289 10.0
R 19194.4860 9480.7083 10.0
R 19190.6202 9481.6877 10.0
R 19186.7543 9482.6671 10.0
R 19182.8885 9483.6465 10.0
R 19179.0226 9484.6259 10.0
R 19175.1568 9485.6054 10.0
R 19171.2909 9486.5848 10.0
R 19167.4251 9487.5642 10.0
R 19163.5592 9488.5436 10.0
R 19159.6934 9489.5230 10.0
R 19155.8275 9490.5024 10.0
R 19151.9617 9491.4818 10.0
R 19148.0958 9492.4612 10.0
R 19144.2300 9493.4407 10.0
R 19140.3641 9494.4201 10.0
R 19136.4983 9495.3995 10.0
R 19132.6324 9496.3789 10.0
R 19128.7666 9497.3583 10.0
R 19124.9007 9498.3377 10.0
R 19121.0349 9499.3171 10.0
R 19117.1690 9500.2965 10.0
R 19113.3032 9501.2760 10.0
R 19109.4373 9502.2554 10.0
R 19105.5715 9503.2348 10.0
R 19101.7056 9504.2142 10.0
R 19097.8398 9505.1936 10.0
R 19093.9739 9506.1730 10.0
R 19090.1081 9507.1524 10.0
R 19086.2422 9508.1318 10.0
R 19082.3764 9509.1113 10.0
R 19078.5105 9510.0907 10.0
R 19074.6447 9511.0701 10.0
R 19070.7788 9512.0495 10.0
R 19066.9130 9513.0289 10.0
R 19063.0471 9514.0083 10.0
R 19059.1813 9514.9877 10.0
R 19055.3154 9515.9671 10.0
R 19051.4496 9516.9466 10.0
R 19047.5837 9517.9260 10.0
R 19043.7179 9518.9054 10.0
R 19039.8520 9519.8848 10.0
R 19035.9862 9520.8642 10.0
R 19032.1203 9521.8436 10.0
R 19028.2545 9522.8230 10.0
R 19024.3886 9523.8024 10.0
R 19020.5228 9524.7819 10.0
R 19016.6570 9525.7613 10.0
R 19012.7911 9526.7407 10.0
R 19008.9253 9527.7201 10.0
R 19005.0594 9528.6995 10.0
R 19002.8100 9529.2694 10.0
R 19000.5607 9529.8393 10.0
REARM SUPPLY_CONTAINER_93158 19449.9566 9312.7705 283.455 19421.7600 9308.8700
ROUTE SUPPLY_CONTAINER_93158 IN
R 19000.5607 9529.8393 10.0
R 19002.8100 9529.2694 10.0
R 19005.0594 9528.6995 10.0
R 19008.9253 9527.7201 10.0
R 19012.7911 9526.7407 10.0
R 19016.6570 9525.7613 10.0
R 19020.5228 9524.7819 10.0
R 19024.3886 9523.8024 10.0
R 19028.2545 9522.8230 10.0
R 19032.1203 9521.8436 10.0
R 19035.9862 9520.8642 10.0
R 19039.8520 9519.8848 10.0
R 19043.7179 9518.9054 10.0
R 19047.5837 9517.9260 10.0
R 19051.4496 9516.9466 10.0
R 19055.3154 9515.9671 10.0
R 19059.1813 9514.9877 10.0
R 19063.0471 9514.0083 10.0
R 19066.9130 9513.0289 10.0
R 19070.7788 9512.0495 10.0
R 19074.6447 9511.0701 10.0
R 19078.5105 9510.0907 10.0
R 19082.3764 9509.1113 10.0
R 19086.2422 9508.1318 10.0
R 19090.1081 9507.1524 10.0
R 19093.9739 9506.1730 10.0
R 19097.8398 9505.1936 10.0
R 19101.7056 9504.2142 10.0
R 19105.5715 9503.2348 10.0
R 19109.4373 9502.2554 10.0
R 19113.3032 9501.2760 10.0
R 19117.1690 9500.2965 10.0
R 19121.0349 9499.3171 10.0
R 19124.9007 9498.3377 10.0
R 19128.7666 9497.3583 10.0
R 19132.6324 9496.3789 10.0
R 19136.4983 9495.3995 10.0
R 19140.3641 9494.4201 10.0
R 19144.2300 9493.4407 10.0
R 19148.0958 9492.4612 10.0
R 19151.9617 9491.4818 10.0
R 19155.8275 9490.5024 10.0
R 19159.6934 9489.5230 10.0
R 19163.5592 9488.5436 10.0
R 19167.4251 9487.5642 10.0
R 19171.2909 9486.5848 10.0
R 19175.1568 9485.6054 10.0
R 19179.0226 9484.6259 10.0
R 19182.8885 9483.6465 10.0
R 19186.7543 9482.6671 10.0
R 19190.6202 9481.6877 10.0
R 19194.4860 9480.7083 10.0
R 19198.3519 9479.7289 10.0
R 19202.2177 9478.7495 10.0
R 19206.0835 9477.7701 10.0
R 19209.9494 9476.7906 10.0
R 19213.8152 9475.8112 10.0
R 19217.6811 9474.8318 10.0
R 19221.5469 9473.8524 10.0
R 19225.4128 9472.8730 10.0
R 19229.2786 9471.8936 10.0
R 19233.1445 9470.9142 10.0
R 19237.0103 9469.9348 10.0
R 19240.8762 9468.9553 10.0
R 19244.7420 9467.9759 10.0
R 19248.6079 9466.9965 10.0
R 19252.4737 9466.0171 10.0
R 19256.3396 9465.0377 10.0
R 19260.2054 9464.0583 10.0
R 19264.0713 9463.0789 10.0
R 19267.9371 9462.0995 10.0
R 19271.8030 9461.1200 10.0
R 19275.6688 9460.1406 10.0
R 19279.5347 9459.1612 10.0
R 19283.4005 9458.1818 10.0
R 19287.2664 9457.2024 10.0
R 19291.1322 9456.2230 10.0
R 19294.9981 9455.2436 10.0
R 19298.8639 9454.2641 10.0
R 19302.7298 9453.2847 10.0
R 19306.5956 9452.3053 10.0
R 19310.4615 9451.3259 10.0
R 19314.3273 9450.3465 10.0
R 19318.1932 9449.3671 10.0
R 19322.0590 9448.3877 10.0
R 19325.9249 9447.4083 10.0
R 19329.7907 9446.4288 10.0
R 19333.6566 9445.4494 10.0
R 19337.5224 9444.4700 10.0
R 19341.3883 9443.4906 10.0
R 19345.2541 9442.5112 10.0
R 19349.1200 9441.5318 10.0
R 19352.9858 9440.5524 10.0
R 19356.8517 9439.5730 10.0
R 19360.7175 9438.5935 10.0
R 19364.5834 9437.6141 10.0
R 19368.4492 9436.6347 10.0
R 19372.3151 9435.6553 10.0
R 19376.1809 9434.6759 10.0
R 19380.0468 9433.6965 10.0
R 19383.9126 9432.7171 10.0
R 19387.7784 9431.7377 10.0
R 19391.6443 9430.7582 10.0
R 19395.5101 9429.7788 10.0
R 19399.3760 9428.7994 10.0
R 19403.2418 9427.8200 10.0
R 19407.1077 9426.8406 10.0
R 19410.9735 9425.8612 10.0
R 19414.8394 9424.8818 10.0
R 19418.7052 9423.9024 10.0
R 19422.5711 9422.9229 10.0
R 19426.4369 9421.9435 10.0
R 19430.3028 9420.9641 10.0
R 19434.1686 9419.9847 10.0
R 19438.0345 9419.0053 10.0
R 19441.9003 9418.0259 10.0
R 19445.7662 9417.0465 10.0
R 19449.6320 9416.0671 10.0
R 19453.4979 9415.0876 10.0
R 19457.3637 9414.1082 10.0
R 19461.2296 9413.1288 10.0
R 19465.0954 9412.1494 10.0
R 19468.9613 9411.1700 10.0
R 19472.8271 9410.1906 10.0
R 19476.6930 9409.2112 10.0
R 19480.5588 9408.2318 10.0
R 19484.4247 9407.2523 10.0
R 19488.2905 9406.2729 10.0
R 19492.1564 9405.2935 10.0
R 19496.0222 9404.3141 10.0
R 19499.8881 9403.3347 10.0
R 19503.7539 9402.3553 10.0
R 19507.6198 9401.3759 10.0
R 19511.4856 9400.3965 10.0
R 19515.3515 9399.4170 10.0
R 19519.2173 9398.4376 10.0
R 19523.0832 9397.4582 10.0
R 19526.9490 9396.4788 10.0
R 19530.8149 9395.4994 10.0
R 19534.6807 9394.5200 10.0
R 19538.5466 9393.5406 10.0
R 19542.4124 9392.5612 10.0
R 19546.2783 9391.5817 10.0
R 19550.1441 9390.6023 10.0
R 19554.0100 9389.6229 10.0
R 19557.8758 9388.6435 10.0
R 19561.7417 9387.6641 10.0
R 19565.6075 9386.6847 10.0
R 19569.4733 9385.7053 10.0
R 19573.3392 9384.7259 10.0
R 19577.2050 9383.7464 10.0
R 19581.0709 9382.7670 10.0
R 19584.9367 9381.7876 10.0
R 19588.8026 9380.8082 10.0
R 19592.6684 9379.8288 10.0
R 19596.5343 9378.8494 10.0
R 19600.4001 9377.8700 10.0
R 19604.2660 9376.8906 10.0
R 19608.1318 9375.9111 10.0
R 19611.9977 9374.9317 10.0
R 19613.1680 9374.6888 10.0
R 19616.6703 9373.7836 10.0
R 19620.1727 9372.8785 10.0
R 19623.6750 9371.9733 10.0
R 19622.9139 9368.9690 10.0
R 19622.1528 9365.9647 10.0
R 19622.6986 9362.9625 10.0
R 19623.2445 9359.9603 10.0
R 19623.3900 9359.1600 10.0
R 19623.8638 9356.5539 10.0
R 19624.3377 9353.9478 10.0
R 19624.6272 9352.3553 10.0
R 19623.6237 9348.7690 10.0
R 19622.6201 9345.1828 10.0
R 19621.6166 9341.5965 10.0
R 19620.6131 9338.0102 10.0
R 19619.6095 9334.4240 10.0
R 19618.6060 9330.8377 10.0
R 19617.6024 9327.2514 10.0
R 19616.5989 9323.6652 10.0
R 19615.5953 9320.0789 10.0
R 19614.5918 9316.4926 10.0
R 19613.5882 9312.9064 10.0
R 19612.5847 9309.3201 10.0
R 19611.8207 9308.1881 10.0
R 19609.7255 9305.0836 10.0
R 19607.6304 9301.9790 10.0
R 19605.5352 9298.8745 10.0
R 19603.4400 9295.7700 10.0
R 19601.8645 9293.4355 10.0
R 19600.2889 9291.1010 10.0
R 19598.7134 9288.7664 10.0
R 19597.6910 9289.4565 10.0
R 19594.7540 9288.6110 10.0
R 19591.8170 9287.7655 10.0
R 19588.8800 9286.9200 10.0
R 19585.9563 9286.0783 10.0
R 19583.0325 9285.2366 10.0
R 19580.1088 9284.3950 10.0
R 19578.2684 9283.4534 10.0
R 19576.4279 9282.5118 10.0
R 19572.7821 9283.3841 10.0
R 19572.3075 9283.4977 10.0
R 19570.7861 9283.8617 10.0
R 19567.8358 9284.5675 10.0
R 19564.8855 9285.2734 10.0
R 19561.9353 9285.9792 10.0
R 19558.9850 9286.6851 10.0
R 19555.2418 9287.5807 10.0
R 19551.4985 9288.4763 10.0
R 19547.7553 9289.3718 10.0
R 19544.0121 9290.2674 10.0
R 19540.2688 9291.1630 10.0
R 19536.5256 9292.0586 10.0
R 19532.7824 9292.9542 10.0
R 19529.0391 9293.8498 10.0
R 19525.2959 9294.7453 10.0
R 19521.5526 9295.6409 10.0
R 19517.8094 9296.5365 10.0
R 19514.0662 9297.4321 10.0
R 19510.3229 9298.3277 10.0
R 19506.5797 9299.2233 10.0
R 19502.8365 9300.1188 10.0
R 19499.0932 9301.0144 10.0
R 19495.3500 9301.9100 10.0
R 19491.7098 9302.7809 10.0
R 19488.0695 9303.6519 10.0
R 19484.4293 9304.5228 10.0
R 19480.7891 9305.3938 10.0
R 19477.1488 9306.2647 10.0
R 19473.5086 9307.1356 10.0
R 19469.8683 9308.0066 10.0
R 19466.2281 9308.8775 10.0
R 19462.5879 9309.7485 10.0
R 19458.9476 9310.6194 10.0
R 19455.9506 9311.3364 10.0
R 19452.9536 9312.0535 10.0
R 19449.9566 9312.7705 10.0
ROUTE SUPPLY_CONTAINER_93158 OUT
R 19449.9566 9312.7705 10.0
R 19452.9536 9312.0535 10.0
R 19455.9506 9311.3364 10.0
R 19458.9476 9310.6194 10.0
R 19462.5879 9309.7485 10.0
R 19466.2281 9308.8775 10.0
R 19469.8683 9308.0066 10.0
R 19473.5086 9307.1356 10.0
R 19477.1488 9306.2647 10.0
R 19480.7891 9305.3938 10.0
R 19484.4293 9304.5228 10.0
R 19488.0695 9303.6519 10.0
R 19491.7098 9302.7809 10.0
R 19495.3500 9301.9100 10.0
R 19499.0932 9301.0144 10.0
R 19502.8365 9300.1188 10.0
R 19506.5797 9299.2233 10.0
R 19510.3229 9298.3277 10.0
R 19514.0662 9297.4321 10.0
R 19517.8094 9296.5365 10.0
R 19521.5526 9295.6409 10.0
R 19525.2959 9294.7453 10.0
R 19529.0391 9293.8498 10.0
R 19532.7824 9292.9542 10.0
R 19536.5256 9292.0586 10.0
R 19540.2688 9291.1630 10.0
R 19544.0121 9290.2674 10.0
R 19547.7553 9289.3718 10.0
R 19551.4985 9288.4763 10.0
R 19555.2418 9287.5807 10.0
R 19558.9850 9286.6851 10.0
R 19561.9353 9285.9792 10.0
R 19564.8855 9285.2734 10.0
R 19567.8358 9284.5675 10.0
R 19570.7861 9283.8617 10.0
R 19572.3075 9283.4977 10.0
R 19572.7821 9283.3841 10.0
R 19576.4279 9282.5118 10.0
R 19578.2684 9283.4534 10.0
R 19580.1088 9284.3950 10.0
R 19583.0325 9285.2366 10.0
R 19585.9563 9286.0783 10.0
R 19588.8800 9286.9200 10.0
R 19591.8170 9287.7655 10.0
R 19594.7540 9288.6110 10.0
R 19597.6910 9289.4565 10.0
R 19598.7134 9288.7664 10.0
R 19600.2889 9291.1010 10.0
R 19601.8645 9293.4355 10.0
R 19603.4400 9295.7700 10.0
R 19605.5352 9298.8745 10.0
R 19607.6304 9301.9790 10.0
R 19609.7255 9305.0836 10.0
R 19611.8207 9308.1881 10.0
R 19612.5847 9309.3201 10.0
R 19613.5882 9312.9064 10.0
R 19614.5918 9316.4926 10.0
R 19615.5953 9320.0789 10.0
R 19616.5989 9323.6652 10.0
R 19617.6024 9327.2514 10.0
R 19618.6060 9330.8377 10.0
R 19619.6095 9334.4240 10.0
R 19620.6131 9338.0102 10.0
R 19621.6166 9341.5965 10.0
R 19622.6201 9345.1828 10.0
R 19623.6237 9348.7690 10.0
R 19624.6272 9352.3553 10.0
R 19624.3377 9353.9478 10.0
R 19623.8638 9356.5539 10.0
R 19623.3900 9359.1600 10.0
R 19623.2445 9359.9603 10.0
R 19622.6986 9362.9625 10.0
R 19622.1528 9365.9647 10.0
R 19622.9139 9368.9690 10.0
R 19623.6750 9371.9733 10.0
R 19620.1727 9372.8785 10.0
R 19616.6703 9373.7836 10.0
R 19613.1680 9374.6888 10.0
R 19611.9977 9374.9317 10.0
R 19608.1318 9375.9111 10.0
R 19604.2660 9376.8906 10.0
R 19600.4001 9377.8700 10.0
R 19596.5343 9378.8494 10.0
R 19592.6684 9379.8288 10.0
R 19588.8026 9380.8082 10.0
R 19584.9367 9381.7876 10.0
R 19581.0709 9382.7670 10.0
R 19577.2050 9383.7464 10.0
R 19573.3392 9384.7259 10.0
R 19569.4733 9385.7053 10.0
R 19565.6075 9386.6847 10.0
R 19561.7417 9387.6641 10.0
R 19557.8758 9388.6435 10.0
R 19554.0100 9389.6229 10.0
R 19550.1441 9390.6023 10.0
R 19546.2783 9391.5817 10.0
R 19542.4124 9392.5612 10.0
R 19538.5466 9393.5406 10.0
R 19534.6807 9394.5200 10.0
R 19530.8149 9395.4994 10.0
R 19526.9490 9396.4788 10.0
R 19523.0832 9397.4582 10.0
R 19519.2173 9398.4376 10.0
R 19515.3515 9399.4170 10.0
R 19511.4856 9400.3965 10.0
R 19507.6198 9401.3759 10.0
R 19503.7539 9402.3553 10.0
R 19499.8881 9403.3347 10.0
R 19496.0222 9404.3141 10.0
R 19492.1564 9405.2935 10.0
R 19488.2905 9406.2729 10.0
R 19484.4247 9407.2523 10.0
R 19480.5588 9408.2318 10.0
R 19476.6930 9409.2112 10.0
R 19472.8271 9410.1906 10.0
R 19468.9613 9411.1700 10.0
R 19465.0954 9412.1494 10.0
R 19461.2296 9413.1288 10.0
R 19457.3637 9414.1082 10.0
R 19453.4979 9415.0876 10.0
R 19449.6320 9416.0671 10.0
R 19445.7662 9417.0465 10.0
R 19441.9003 9418.0259 10.0
R 19438.0345 9419.0053 10.0
R 19434.1686 9419.9847 10.0
R 19430.3028 9420.9641 10.0
R 19426.4369 9421.9435 10.0
R 19422.5711 9422.9229 10.0
R 19418.7052 9423.9024 10.0
R 19414.8394 9424.8818 10.0
R 19410.9735 9425.8612 10.0
R 19407.1077 9426.8406 10.0
R 19403.2418 9427.8200 10.0
R 19399.3760 9428.7994 10.0
R 19395.5101 9429.7788 10.0
R 19391.6443 9430.7582 10.0
R 19387.7784 9431.7377 10.0
R 19383.9126 9432.7171 10.0
R 19380.0468 9433.6965 10.0
R 19376.1809 9434.6759 10.0
R 19372.3151 9435.6553 10.0
R 19368.4492 9436.6347 10.0
R 19364.5834 9437.6141 10.0
R 19360.7175 9438.5935 10.0
R 19356.8517 9439.5730 10.0
R 19352.9858 9440.5524 10.0
R 19349.1200 9441.5318 10.0
R 19345.2541 9442.5112 10.0
R 19341.3883 9443.4906 10.0
R 19337.5224 9444.4700 10.0
R 19333.6566 9445.4494 10.0
R 19329.7907 9446.4288 10.0
R 19325.9249 9447.4083 10.0
R 19322.0590 9448.3877 10.0
R 19318.1932 9449.3671 10.0
R 19314.3273 9450.3465 10.0
R 19310.4615 9451.3259 10.0
R 19306.5956 9452.3053 10.0
R 19302.7298 9453.2847 10.0
R 19298.8639 9454.2641 10.0
R 19294.9981 9455.2436 10.0
R 19291.1322 9456.2230 10.0
R 19287.2664 9457.2024 10.0
R 19283.4005 9458.1818 10.0
R 19279.5347 9459.1612 10.0
R 19275.6688 9460.1406 10.0
R 19271.8030 9461.1200 10.0
R 19267.9371 9462.0995 10.0
R 19264.0713 9463.0789 10.0
R 19260.2054 9464.0583 10.0
R 19256.3396 9465.0377 10.0
R 19252.4737 9466.0171 10.0
R 19248.6079 9466.9965 10.0
R 19244.7420 9467.9759 10.0
R 19240.8762 9468.9553 10.0
R 19237.0103 9469.9348 10.0
R 19233.1445 9470.9142 10.0
R 19229.2786 9471.8936 10.0
R 19225.4128 9472.8730 10.0
R 19221.5469 9473.8524 10.0
R 19217.6811 9474.8318 10.0
R 19213.8152 9475.8112 10.0
R 19209.9494 9476.7906 10.0
R 19206.0835 9477.7701 10.0
R 19202.2177 9478.7495 10.0
R 19198.3519 9479.7289 10.0
R 19194.4860 9480.7083 10.0
R 19190.6202 9481.6877 10.0
R 19186.7543 9482.6671 10.0
R 19182.8885 9483.6465 10.0
R 19179.0226 9484.6259 10.0
R 19175.1568 9485.6054 10.0
R 19171.2909 9486.5848 10.0
R 19167.4251 9487.5642 10.0
R 19163.5592 9488.5436 10.0
R 19159.6934 9489.5230 10.0
R 19155.8275 9490.5024 10.0
R 19151.9617 9491.4818 10.0
R 19148.0958 9492.4612 10.0
R 19144.2300 9493.4407 10.0
R 19140.3641 9494.4201 10.0
R 19136.4983 9495.3995 10.0
R 19132.6324 9496.3789 10.0
R 19128.7666 9497.3583 10.0
R 19124.9007 9498.3377 10.0
R 19121.0349 9499.3171 10.0
R 19117.1690 9500.2965 10.0
R 19113.3032 9501.2760 10.0
R 19109.4373 9502.2554 10.0
R 19105.5715 9503.2348 10.0
R 19101.7056 9504.2142 10.0
R 19097.8398 9505.1936 10.0
R 19093.9739 9506.1730 10.0
R 19090.1081 9507.1524 10.0
R 19086.2422 9508.1318 10.0
R 19082.3764 9509.1113 10.0
R 19078.5105 9510.0907 10.0
R 19074.6447 9511.0701 10.0
R 19070.7788 9512.0495 10.0
R 19066.9130 9513.0289 10.0
R 19063.0471 9514.0083 10.0
R 19059.1813 9514.9877 10.0
R 19055.3154 9515.9671 10.0
R 19051.4496 9516.9466 10.0
R 19047.5837 9517.9260 10.0
R 19043.7179 9518.9054 10.0
R 19039.8520 9519.8848 10.0
R 19035.9862 9520.8642 10.0
R 19032.1203 9521.8436 10.0
R 19028.2545 9522.8230 10.0
R 19024.3886 9523.8024 10.0
R 19020.5228 9524.7819 10.0
R 19016.6570 9525.7613 10.0
R 19012.7911 9526.7407 10.0
R 19008.9253 9527.7201 10.0
R 19005.0594 9528.6995 10.0
R 19002.8100 9529.2694 10.0
R 19000.5607 9529.8393 10.0
TAKEOFF 19000.5607 9529.8393 70.222 76.909 10
CLIMB 0 10 90 1 1
CLIMB 1000 180 150 0 0
CLIMB 3000 300 220 0 0
NODE 19673.9768 9377.5468
NODE 19673.7685 9387.9267
NODE 19673.5106 9400.7827
NODE 19669.7600 9587.7400
NODE 19665.5685 9796.6716
NODE 19665.5432 9797.9332
NODE 19659.6691 9800.9227
NODE 19660.8829 9800.0481
NODE 19663.8500 9797.9100
NODE 19668.0309 9794.8973
NODE 19670.7574 9796.1691
NODE 19670.3460 9796.6980
NODE 19668.1900 9799.4700
NODE 19667.9371 9799.7952
NODE 19666.2652 9801.9447
NODE 19665.6226 9802.7709
NODE 19667.8701 9802.0602
NODE 19665.2596 9801.8723
NODE 19664.9500 9801.8500
NODE 19662.0299 9801.6398
NODE 19669.7469 9400.7072
NODE 19664.1633 9386.4864
NODE 19662.9200 9383.3200
NODE 19660.8205 9377.9729
NODE 19659.4566 9374.4992
NODE 19656.0931 9365.9328
NODE 19661.8711 9373.5512
NODE 19662.3563 9372.2383
NODE 19663.0800 9370.2800
NODE 19664.2889 9367.0088
NODE 19660.6720 9378.0312
NODE 19651.3243 9377.3735
NODE 19638.4615 9376.4685
NODE 19636.9200 9376.3600
NODE 19629.1009 9375.8099
NODE 19621.4977 9375.2749
NODE 19613.1680 9374.6888
NODE 19650.8998 9383.4066
NODE 19656.0200 9385.5400
NODE 19656.7492 9385.8438
NODE 19661.1402 9387.6734
NODE 20242.8222 9215.1124
NODE 20046.6395 9264.8152
NODE 19958.9297 9287.0365
NODE 19663.0212 9362.0049
NODE 19655.5758 9363.8912
NODE 19646.5358 9366.1815
NODE 19640.3717 9367.7432
NODE 19631.0130 9370.1142
NODE 19623.6750 9371.9733
NODE 19611.9977 9374.9317
NODE 19005.0594 9528.6995
NODE 18981.1732 9534.7511
NODE 19958.7959 9286.5085
NODE 19992.9200 9271.7400
NODE 20027.0441 9256.9715
NODE 20022.4702 9253.5773
NODE 20027.5903 9254.9859
NODE 20033.9300 9256.7300
NODE 20045.3898 9259.8827
NODE 19004.6204 9526.9665
NODE 18987.8000 9525.7600
NODE 18972.5007 9524.6626
NODE 18970.9796 9524.5535
NODE 18985.0656 9540.5680
NODE 18980.0300 9536.0156
NODE 18978.6300 9534.7500
NODE 18972.1944 9528.9320
NODE 19629.8301 9365.4452
NODE 19626.4299 9354.6349
NODE 19625.6152 9352.0445
NODE 19616.2500 9322.2700
NODE 19611.8207 9308.1881
NODE 19605.1873 9287.0986
NODE 19603.1922 9280.7554
NODE 19602.7413 9279.3219
NODE 19602.6699 9279.0948
NODE 19689.2151 9267.1923
NODE 19624.2200 9277.4400
NODE 19595.3958 9281.9847
NODE 19594.2858 9282.1597
NODE 19580.1088 9284.3950
NODE 19577.5529 9284.7979
NODE 19572.1098 9285.6562
NODE 19570.8285 9285.8582
NODE 19559.2249 9287.6877
NODE 19612.5847 9309.3201
NODE 19603.4400 9295.7700
NODE 19598.7134 9288.7664
NODE 19597.6910 9289.4565
NODE 19588.8800 9286.9200
NODE 19625.8428 9354.2215
NODE 19632.6000 9358.9800
NODE 19639.3572 9363.7385
NODE 19624.6272 9352.3553
NODE 19624.3377 9353.9478
NODE 19623.3900 9359.1600
NODE 19623.2445 9359.9603
NODE 19622.1528 9365.9647
NODE 19590.4836 9215.7806
NODE 19568.7161 9222.1828
NODE 19560.3401 9224.6464
NODE 19555.3768 9226.1062
NODE 19554.0933 9226.4837
NODE 19518.4400 9236.9700
NODE 19446.3964 9258.1594
NODE 19414.2721 9321.3082
NODE 19458.9476 9310.6194
NODE 19495.3500 9301.9100
NODE 19558.9850 9286.6851
NODE 19570.7861 9283.8617
NODE 19572.3075 9283.4977
NODE 19572.7821 9283.3841
NODE 19576.4279 9282.5118
NODE 19595.3429 9281.6490
NODE 19594.3581 9281.5559
NODE 19583.1900 9280.5000
NODE 19580.4606 9280.2419
NODE 19576.6764 9279.8842
NODE 19571.6571 9279.4096
NODE 19571.4163 9279.3869
NODE 19571.0371 9279.3510
NODE 19579.4527 9272.9969
NODE 19574.7200 9276.7600
NODE 19574.2834 9277.1072
NODE 19572.2055 9278.7594
NODE 19569.9873 9280.5231
NODE 19570.7298 9276.9035
NODE 19570.2100 9266.6700
NODE 19569.8504 9259.5897
NODE 19569.6902 9256.4365
NODE 19573.5488 9259.4018
NODE 19575.6700 9256.2200
NODE 19577.7912 9253.0382
NODE 19446.3344 9270.9786
NODE 19449.3441 9270.2445
NODE 19504.6700 9256.7500
NODE 19549.0392 9245.9279
NODE 19560.8467 9243.0479
NODE 19562.1074 9242.7404
NODE 19563.0056 9242.5214
NODE 19000.5607 9529.8393
NODE 19572.2877 9272.7404
NODE 19449.9566 9312.7705
NODE 19652.5356 9272.9755
EDGE 0 1
EDGE 1 2
EDGE 2 3
EDGE 3 4
EDGE 4 5
EDGE 6 7
EDGE 7 8
EDGE 4 8
EDGE 4 9
EDGE 10 11
EDGE 11 12
EDGE 12 13
EDGE 13 14
EDGE 14 15
EDGE 14 16
EDGE 14 17
EDGE 17 18
EDGE 18 19
EDGE 20 21
EDGE 21 22
EDGE 22 23
EDGE 23 24
EDGE 24 25
EDGE 26 27
EDGE 27 28
EDGE 28 29
EDGE 30 31
EDGE 31 32
EDGE 32 33
EDGE 33 34
EDGE 34 35
EDGE 35 36
EDGE 37 38
EDGE 38 39
EDGE 39 40
EDGE 41 42
EDGE 42 43
EDGE 43 44
EDGE 44 45
EDGE 45 46
EDGE 46 47
EDGE 47 48
EDGE 48 49
EDGE 36 49
EDGE 36 50
EDGE 50 51
EDGE 51 52
EDGE 53 54
EDGE 54 55
EDGE 56 57
EDGE 57 58
EDGE 58 59
EDGE 60 61
EDGE 61 62
EDGE 62 63
EDGE 64 65
EDGE 65 66
EDGE 66 67
EDGE 68 69
EDGE 69 70
EDGE 70 71
EDGE 71 72
EDGE 72 73
EDGE 73 74
EDGE 74 75
EDGE 75 76
EDGE 77 78
EDGE 74 78
EDGE 74 79
EDGE 79 80
EDGE 80 81
EDGE 81 82
EDGE 82 83
EDGE 83 84
EDGE 84 85
EDGE 72 86
EDGE 72 87
EDGE 87 88
EDGE 80 88
EDGE 89 90
EDGE 81 90
EDGE 69 91
EDGE 69 92
EDGE 92 93
EDGE 94 95
EDGE 95 96
EDGE 96 97
EDGE 97 98
EDGE 99 100
EDGE 100 101
EDGE 101 102
EDGE 102 103
EDGE 103 104
EDGE 104 105
EDGE 106 107
EDGE 107 108
EDGE 108 109
EDGE 109 110
EDGE 110 111
EDGE 111 112
EDGE 112 113
EDGE 114 115
EDGE 115 116
EDGE 116 117
EDGE 117 118
EDGE 118 119
EDGE 119 120
EDGE 120 121
EDGE 122 123
EDGE 123 124
EDGE 124 125
EDGE 120 125
EDGE 120 126
EDGE 127 128
EDGE 128 129
EDGE 129 130
EDGE 131 132
EDGE 132 133
EDGE 134 135
EDGE 135 136
EDGE 136 137
EDGE 137 138
EDGE 138 139
EDGE 139 140
EDGE 5 13
EDGE 9 11
EDGE 5 17
EDGE 7 19
EDGE 2 20
EDGE 24 26
EDGE 26 30
EDGE 23 30
EDGE 26 39
EDGE 31 37
EDGE 21 40
EDGE 1 40
EDGE 29 44
EDGE 25 45
EDGE 37 46
EDGE 43 53
EDGE 42 59
EDGE 55 57
EDGE 51 60
EDGE 52 65
EDGE 62 67
EDGE 48 68
EDGE 26 68
EDGE 34 68
EDGE 25 68
EDGE 37 68
EDGE 88 89
EDGE 73 89
EDGE 86 91
EDGE 47 93
EDGE 27 93
EDGE 32 93
EDGE 25 93
EDGE 37 93
EDGE 86 94
EDGE 70 94
EDGE 49 98
EDGE 91 95
EDGE 26 98
EDGE 35 98
EDGE 25 97
EDGE 37 98
EDGE 105 107
EDGE 81 113
EDGE 80 113
EDGE 76 113
EDGE 85 109
EDGE 102 121
EDGE 81 117
EDGE 80 115
EDGE 113 118
EDGE 75 114
EDGE 79 114
EDGE 103 126
EDGE 81 124
EDGE 80 126
EDGE 110 126
EDGE 76 126
EDGE 84 126
EDGE 101 130
EDGE 125 127
EDGE 121 127
EDGE 81 127
EDGE 80 127
EDGE 111 127
EDGE 76 127
EDGE 83 127
EDGE 100 133
EDGE 129 131
EDGE 126 131
EDGE 119 131
EDGE 81 131
EDGE 113 131
EDGE 82 131
EDGE 105 135
EDGE 133 140
EDGE 130 140
EDGE 126 138
EDGE 121 139
EDGE 81 140
EDGE 80 134
EDGE 112 140
EDGE 76 134
EDGE 85 137
EDGE 51 141
EDGE 52 141
EDGE 119 142
EDGE 131 142
EDGE 106 143
EDGE 107 143
EDGE 77 144
EDGE 78 144
