# Generated from current Luavi geometry; rerun generate_land_airfields.py after layout edits.
GENERATED 0 00000002.fld
HOLD -14697.8495 -5135.5445
RUNWAY -12602.8194 -3171.9159 202.98521 3354.3224 28.0000
TOUCHDOWN 300 290 580
TOUCHDOWN_SPEED 70.222
APPROACH FINAL
A -9869.3648 3272.3238 76.200 230.000 0 0 0 1661.897 230.000 0 0 0
A -9888.8895 3226.2936 76.200 230.000 0 0 0 1640.250 230.000 0 0 0
A -9908.4141 3180.2633 76.200 230.000 0 0 0 1618.751 230.000 0 0 0
A -9927.9388 3134.2330 76.200 230.000 0 0 0 1597.401 230.000 0 0 0
A -9947.4635 3088.2027 76.200 230.000 0 0 0 1576.200 230.000 0 0 0
A -9966.9882 3042.1724 76.200 230.000 0 0 0 1555.148 230.000 0 0 0
A -9986.5128 2996.1421 76.200 230.000 0 0 0 1534.244 230.000 0 0 0
A -10006.0375 2950.1119 76.200 230.000 0 0 0 1513.489 230.000 0 0 0
A -10025.5622 2904.0816 76.200 230.000 0 0 0 1492.883 230.000 0 0 0
A -10045.0869 2858.0513 76.200 230.000 0 0 0 1472.426 230.000 0 0 0
A -10064.6115 2812.0210 76.200 230.000 0 0 0 1452.117 230.000 0 0 0
A -10084.1362 2765.9907 76.200 230.000 0 0 0 1431.958 230.000 0 0 0
A -10103.6609 2719.9604 76.200 230.000 0 0 0 1411.947 230.000 0 0 0
A -10123.1856 2673.9302 76.200 230.000 0 0 0 1392.085 230.000 0 0 0
A -10142.7102 2627.8999 76.200 230.000 0 0 0 1372.371 230.000 0 0 0
A -10162.2349 2581.8696 76.200 230.000 0 0 0 1352.807 230.000 0 0 0
A -10181.7596 2535.8393 76.200 230.000 0 0 0 1333.391 230.000 0 0 0
A -10201.2843 2489.8090 76.200 230.000 0 0 0 1314.124 230.000 0 0 0
A -10220.8089 2443.7787 76.200 230.000 0 0 0 1295.006 230.000 0 0 0
A -10240.3336 2397.7485 76.200 230.000 0 0 0 1276.036 230.000 0 0 0
A -10259.8583 2351.7182 76.200 230.000 0 0 0 1257.216 230.000 0 0 0
A -10279.3830 2305.6879 76.200 230.000 0 0 0 1238.544 230.000 0 0 0
A -10298.9076 2259.6576 76.200 230.000 0 0 0 1220.021 230.000 0 0 0
A -10318.4323 2213.6273 76.200 230.000 0 0 0 1201.646 230.000 0 0 0
A -10337.9570 2167.5970 76.200 230.000 0 0 0 1183.421 230.000 0 0 0
A -10357.4817 2121.5667 76.200 230.000 0 0 0 1165.344 230.000 0 0 0
A -10377.0064 2075.5365 76.200 230.000 0 0 0 1147.416 230.000 0 0 0
A -10396.5310 2029.5062 76.200 230.000 0 0 0 1129.637 230.000 0 0 0
A -10416.0557 1983.4759 76.200 230.000 0 0 0 1112.006 230.000 0 0 0
A -10435.5804 1937.4456 76.200 230.000 0 0 0 1094.525 230.000 0 0 0
A -10455.1051 1891.4153 76.200 230.000 0 0 0 1077.192 230.000 0 0 0
A -10474.6297 1845.3850 76.200 230.000 0 0 0 1060.008 230.000 0 0 0
A -10494.1544 1799.3548 76.200 230.000 0 0 0 1042.972 230.000 0 0 0
A -10513.6791 1753.3245 76.200 230.000 0 0 0 1026.086 230.000 0 0 0
A -10533.2038 1707.2942 76.200 230.000 0 0 0 1009.348 230.000 0 0 0
A -10552.7284 1661.2639 76.200 230.000 0 0 0 992.759 230.000 0 0 0
A -10572.2531 1615.2336 76.200 230.000 0 0 0 976.319 230.000 0 0 0
A -10591.7778 1569.2033 76.200 228.004 0 0 0 960.028 228.004 0 0 0
A -10611.3025 1523.1731 76.200 226.008 0 0 0 943.885 226.008 0 0 0
A -10630.8271 1477.1428 76.200 224.013 0 0 0 927.891 224.013 0 0 0
A -10650.3518 1431.1125 76.200 222.017 0 0 0 912.046 222.017 0 0 0
A -10669.8765 1385.0822 76.200 220.021 0 0 0 896.350 220.021 0 0 0
A -10689.4012 1339.0519 76.200 218.025 0 0 0 880.802 218.025 0 0 0
A -10708.9258 1293.0216 76.200 216.029 0 0 0 865.404 216.029 0 0 0
A -10728.4505 1246.9914 76.200 214.034 0 0 0 850.154 214.034 0 0 0
A -10747.9752 1200.9611 76.200 212.038 0 0 0 835.052 212.038 0 0 0
A -10767.4999 1154.9308 76.200 210.042 0 0 0 820.100 210.042 0 0 0
A -10787.0246 1108.9005 76.200 208.046 0 0 0 805.296 208.046 0 0 0
A -10806.5492 1062.8702 76.200 206.050 0 0 0 790.642 206.050 0 0 0
A -10826.0739 1016.8399 76.200 204.055 0 0 0 776.136 204.055 0 0 0
A -10845.5986 970.8097 76.200 202.059 0 0 0 761.778 202.059 0 0 0
A -10865.1233 924.7794 76.200 200.063 0 0 0 747.570 200.063 0 0 0
A -10884.6479 878.7491 76.200 198.067 0 0 0 733.510 198.067 0 0 0
A -10904.1726 832.7188 76.200 196.071 0 0 0 719.599 196.071 0 0 0
A -10923.6973 786.6885 76.200 194.076 0 0 0 705.837 194.076 0 0 0
A -10943.2220 740.6582 76.200 192.080 0 0 0 692.224 192.080 0 0 0
A -10962.7466 694.6280 76.200 190.084 0 0 0 678.759 190.084 0 0 0
A -10982.2713 648.5977 76.200 188.088 0 0 0 665.443 188.088 0 0 0
A -11001.7960 602.5674 76.200 186.092 0 0 0 652.276 186.092 0 0 0
A -11021.3207 556.5371 76.200 184.097 0 0 0 639.258 184.097 0 0 0
A -11040.8453 510.5068 76.200 182.101 0 0 0 626.388 182.101 0 0 0
A -11060.3700 464.4765 76.200 180.105 0 0 0 613.668 180.105 0 0 0
A -11079.8947 418.4462 76.200 178.109 0 0 0 601.096 178.109 0 0 0
A -11099.4194 372.4160 76.200 176.113 0 0 0 588.673 176.113 0 0 0
A -11118.9440 326.3857 76.200 174.118 0 0 0 576.398 174.118 0 0 0
A -11138.4687 280.3554 76.200 172.122 0 0 0 564.273 172.122 0 0 0
A -11157.9934 234.3251 76.200 170.126 0 0 0 552.296 170.126 0 0 0
A -11177.5181 188.2948 76.200 168.130 0 0 0 540.468 168.130 0 0 0
A -11197.0427 142.2645 76.200 166.135 0 0 0 528.789 166.135 0 0 0
A -11216.5674 96.2343 76.200 164.139 0 0 0 517.258 164.139 0 0 0
A -11236.0921 50.2040 76.200 162.143 0 0 0 505.877 162.143 0 0 0
A -11255.6168 4.1737 76.200 160.147 0 0 0 494.644 160.147 0 0 0
A -11275.1415 -41.8566 76.200 158.151 0 0 0 483.560 158.151 0 0 0
A -11294.6661 -87.8869 76.200 156.156 0 0 0 472.624 156.156 0 0 0
A -11314.1908 -133.9172 76.200 154.160 0 0 0 461.838 154.160 0 0 0
A -11333.7155 -179.9474 76.200 152.164 0 0 0 451.200 152.164 0 0 0
A -11353.2402 -225.9777 76.200 150.168 0 0 0 440.711 150.168 0 0 0
A -11372.7648 -272.0080 76.200 148.172 0 0 0 430.371 148.172 0 0 0
A -11392.2895 -318.0383 76.200 146.177 0 0 0 420.179 146.177 0 0 0
A -11411.8142 -364.0686 76.200 144.181 0 0 0 410.137 144.181 0 0 0
A -11431.3389 -410.0989 76.200 142.185 0 0 0 400.243 142.185 0 0 0
A -11450.8635 -456.1291 76.200 140.189 0 0 0 390.498 140.189 0 0 0
A -11470.3882 -502.1594 76.200 138.193 0 0 0 380.901 138.193 0 0 0
A -11489.9129 -548.1897 76.200 136.198 0 1 0 371.454 136.198 0 1 0
A -11509.4376 -594.2200 76.200 134.202 0 1 0 362.155 134.202 0 1 0
A -11528.9622 -640.2503 76.200 132.206 0 1 0 353.005 132.206 0 1 0
A -11548.4869 -686.2806 76.200 130.210 0 1 0 344.004 130.210 0 1 0
A -11568.0116 -732.3108 76.200 128.214 0 1 0 335.152 128.214 0 1 0
A -11587.5363 -778.3411 76.200 126.219 0 1 0 326.448 126.219 0 1 0
A -11607.0609 -824.3714 76.200 124.223 0 1 0 317.893 124.223 0 1 0
A -11626.5856 -870.4017 76.200 122.227 0 1 0 309.487 122.227 0 1 0
A -11646.1103 -916.4320 76.200 120.231 0 1 0 301.230 120.231 0 1 0
A -11665.6350 -962.4623 76.200 118.235 0 1 0 293.121 118.235 0 1 0
A -11685.1596 -1008.4925 76.200 116.240 1 1 0 285.162 116.240 1 1 0
A -11704.6843 -1054.5228 76.200 114.244 1 1 0 277.351 114.244 1 1 0
A -11724.2090 -1100.5531 76.200 112.248 1 1 0 269.688 112.248 1 1 0
A -11743.7337 -1146.5834 76.200 110.252 1 1 0 262.175 110.252 1 1 0
A -11763.2584 -1192.6137 76.200 108.256 1 1 0 254.810 108.256 1 1 0
A -11782.7830 -1238.6440 76.200 106.261 1 1 0 247.595 106.261 1 1 0
A -11802.3077 -1284.6743 76.200 104.265 1 1 0 240.528 104.265 1 1 0
A -11821.8324 -1330.7045 76.200 102.269 1 1 0 233.609 102.269 1 1 0
A -11841.3571 -1376.7348 76.200 100.273 1 1 0 226.840 100.273 1 1 0
A -11860.8817 -1422.7651 76.200 98.277 1 1 0 220.219 98.277 1 1 0
A -11880.4064 -1468.7954 76.200 96.282 1 1 0 213.747 96.282 1 1 0
A -11899.9311 -1514.8257 76.200 94.286 1 1 0 207.424 94.286 1 1 0
A -11919.4558 -1560.8560 76.200 92.290 1 1 0 201.250 92.290 1 1 0
A -11938.9804 -1606.8862 76.200 90.294 1 1 0 195.224 90.294 1 1 0
A -11958.5051 -1652.9165 76.200 88.298 1 1 0 189.347 88.298 1 1 0
A -11978.0298 -1698.9468 76.200 86.303 1 1 0 183.619 86.303 1 1 0
A -11997.5545 -1744.9771 76.200 84.307 1 1 0 178.040 84.307 1 1 0
A -12017.0791 -1791.0074 76.200 82.311 1 1 0 172.609 82.311 1 1 0
A -12036.6038 -1837.0377 76.200 82.311 1 1 0 167.328 82.311 1 1 0
A -12056.1285 -1883.0679 76.200 82.311 1 1 0 162.195 82.311 1 1 0
A -12075.6532 -1929.0982 76.200 82.311 1 1 0 157.211 82.311 1 1 0
A -12095.1778 -1975.1285 76.200 82.311 1 1 0 152.375 82.311 1 1 0
A -12114.7025 -2021.1588 76.200 82.311 1 1 0 147.689 82.311 1 1 0
A -12134.2272 -2067.1891 76.200 82.311 1 1 0 143.151 82.311 1 1 0
A -12153.7519 -2113.2194 76.200 82.311 1 1 0 138.762 82.311 1 1 0
A -12173.2765 -2159.2496 75.871 82.311 1 1 0 134.193 82.311 1 1 0
A -12192.8012 -2205.2799 73.251 82.311 1 1 0 127.481 82.311 1 1 0
A -12212.3259 -2251.3102 70.630 82.311 1 1 0 120.918 82.311 1 1 0
A -12231.8506 -2297.3405 68.010 82.311 1 1 0 114.503 82.311 1 1 0
A -12251.3753 -2343.3708 65.389 82.311 1 1 0 108.238 82.311 1 1 0
A -12270.8999 -2389.4011 62.769 82.311 1 1 0 102.121 82.311 1 1 0
A -12290.4246 -2435.4313 60.149 82.311 1 1 0 96.153 82.311 1 1 0
A -12309.9493 -2481.4616 57.528 82.311 1 1 0 90.334 82.311 1 1 0
A -12329.4740 -2527.4919 54.908 82.311 1 1 0 84.664 82.311 1 1 0
A -12348.9986 -2573.5222 52.287 82.311 1 1 0 79.142 82.311 1 1 0
A -12368.5233 -2619.5525 49.667 82.311 1 1 0 73.769 82.311 1 1 0
A -12388.0480 -2665.5828 47.047 82.311 1 1 0 68.545 82.311 1 1 0
A -12407.5727 -2711.6130 44.426 82.311 1 1 0 63.470 82.311 1 1 0
A -12427.0973 -2757.6433 41.806 82.311 1 1 0 58.544 82.311 1 1 0
A -12446.6220 -2803.6736 39.185 82.311 1 1 0 53.766 82.311 1 1 0
A -12466.1467 -2849.7039 36.565 82.311 1 1 0 49.137 82.311 1 1 0
A -12485.6714 -2895.7342 33.945 82.311 1 1 0 44.657 82.311 1 1 0
A -12505.1960 -2941.7645 31.324 82.311 1 1 0 40.325 82.311 1 1 0
A -12524.7207 -2987.7948 28.704 82.311 1 1 0 36.143 82.311 1 1 0
A -12544.2454 -3033.8250 26.084 82.311 1 1 0 32.109 82.311 1 1 0
A -12563.7701 -3079.8553 23.463 82.311 1 1 0 28.224 82.311 1 1 0
A -12583.2947 -3125.8856 20.843 82.311 1 1 0 24.488 82.311 1 1 0
A -12602.8194 -3171.9159 18.222 82.311 1 1 0 20.900 82.311 1 1 0
A -12622.3441 -3217.9462 15.602 82.311 1 1 0 17.462 82.311 1 1 0
A -12641.8688 -3263.9765 12.982 82.311 1 1 0 14.172 82.311 1 1 0
A -12661.3934 -3310.0067 10.361 82.311 1 1 0 11.031 82.311 1 1 0
A -12680.9181 -3356.0370 7.741 82.311 1 1 0 8.038 82.311 1 1 0
A -12700.4428 -3402.0673 5.120 82.311 1 1 0 5.195 82.311 1 1 0
A -12719.9675 -3448.0976 2.500 82.311 1 1 0 2.500 82.311 1 1 0
A -12739.4922 -3494.1279 2.500 82.311 1 1 0 2.500 82.311 1 1 0
REARM SUPPLY_CONTAINER_107687 -12615.8875 -3197.0139 202.986 -12596.5000 -3217.3600
ROUTE SUPPLY_CONTAINER_107687 IN
R -12610.6293 -3190.3280 10.0
R -12609.1339 -3186.8025 10.0
R -12607.6385 -3183.2771 10.0
R -12606.1431 -3179.7516 10.0
R -12604.6477 -3176.2262 10.0
R -12603.1523 -3172.7007 10.0
R -12605.2050 -3171.8300 10.0
R -12606.7311 -3175.4277 10.0
R -12608.2571 -3179.0254 10.0
R -12609.7832 -3182.6231 10.0
R -12611.3093 -3186.2208 10.0
R -12612.8354 -3189.8185 10.0
R -12614.3614 -3193.4162 10.0
R -12615.8875 -3197.0139 10.0
ROUTE SUPPLY_CONTAINER_107687 OUT
R -12615.8875 -3197.0139 10.0
R -12614.3614 -3193.4162 10.0
R -12612.8354 -3189.8185 10.0
R -12611.3093 -3186.2208 10.0
R -12609.7832 -3182.6231 10.0
R -12608.2571 -3179.0254 10.0
R -12606.7311 -3175.4277 10.0
R -12605.2050 -3171.8300 10.0
R -12603.1523 -3172.7007 10.0
R -12604.6477 -3176.2262 10.0
R -12606.1431 -3179.7516 10.0
R -12607.6385 -3183.2771 10.0
R -12609.1339 -3186.8025 10.0
R -12610.6293 -3190.3280 10.0
REARM SUPPLY_CONTAINER_107694 -13875.1834 -6165.7899 202.986 -13850.9200 -6179.8800
ROUTE SUPPLY_CONTAINER_107694 IN
R -12610.6293 -3190.3280 10.0
R -12609.1339 -3186.8025 10.0
R -12607.6385 -3183.2771 10.0
R -12606.1431 -3179.7516 10.0
R -12604.6477 -3176.2262 10.0
R -12603.1523 -3172.7007 10.0
R -12605.2050 -3171.8300 10.0
R -12606.7637 -3175.5046 10.0
R -12608.3224 -3179.1792 10.0
R -12609.8811 -3182.8538 10.0
R -12611.4398 -3186.5284 10.0
R -12612.9985 -3190.2030 10.0
R -12614.5571 -3193.8776 10.0
R -12616.1158 -3197.5522 10.0
R -12617.6745 -3201.2268 10.0
R -12619.2332 -3204.9014 10.0
R -12620.7919 -3208.5760 10.0
R -12622.3506 -3212.2505 10.0
R -12623.9093 -3215.9251 10.0
R -12625.4680 -3219.5997 10.0
R -12627.0267 -3223.2743 10.0
R -12628.5854 -3226.9489 10.0
R -12630.1440 -3230.6235 10.0
R -12631.7027 -3234.2981 10.0
R -12633.2614 -3237.9727 10.0
R -12634.8201 -3241.6473 10.0
R -12636.3788 -3245.3219 10.0
R -12637.9375 -3248.9965 10.0
R -12639.4962 -3252.6711 10.0
R -12641.0549 -3256.3457 10.0
R -12642.6136 -3260.0203 10.0
R -12644.1723 -3263.6949 10.0
R -12645.7310 -3267.3695 10.0
R -12647.2896 -3271.0441 10.0
R -12648.8483 -3274.7187 10.0
R -12650.4070 -3278.3933 10.0
R -12651.9657 -3282.0679 10.0
R -12653.5244 -3285.7425 10.0
R -12655.0831 -3289.4170 10.0
R -12656.6418 -3293.0916 10.0
R -12658.2005 -3296.7662 10.0
R -12659.7592 -3300.4408 10.0
R -12661.3179 -3304.1154 10.0
R -12662.8765 -3307.7900 10.0
R -12664.4352 -3311.4646 10.0
R -12665.9939 -3315.1392 10.0
R -12667.5526 -3318.8138 10.0
R -12669.1113 -3322.4884 10.0
R -12670.6700 -3326.1630 10.0
R -12672.2287 -3329.8376 10.0
R -12673.7874 -3333.5122 10.0
R -12675.3461 -3337.1868 10.0
R -12676.9048 -3340.8614 10.0
R -12678.4635 -3344.5360 10.0
R -12680.0221 -3348.2106 10.0
R -12681.5808 -3351.8852 10.0
R -12683.1395 -3355.5598 10.0
R -12684.6982 -3359.2344 10.0
R -12686.2569 -3362.9090 10.0
R -12687.8156 -3366.5835 10.0
R -12689.3743 -3370.2581 10.0
R -12690.9330 -3373.9327 10.0
R -12692.4917 -3377.6073 10.0
R -12694.0504 -3381.2819 10.0
R -12695.6090 -3384.9565 10.0
R -12697.1677 -3388.6311 10.0
R -12698.7264 -3392.3057 10.0
R -12700.2851 -3395.9803 10.0
R -12701.8438 -3399.6549 10.0
R -12703.4025 -3403.3295 10.0
R -12704.9612 -3407.0041 10.0
R -12706.5199 -3410.6787 10.0
R -12708.0786 -3414.3533 10.0
R -12709.6373 -3418.0279 10.0
R -12711.1960 -3421.7025 10.0
R -12712.7546 -3425.3771 10.0
R -12714.3133 -3429.0517 10.0
R -12715.8720 -3432.7263 10.0
R -12717.4307 -3436.4009 10.0
R -12718.9894 -3440.0755 10.0
R -12720.5481 -3443.7500 10.0
R -12722.1068 -3447.4246 10.0
R -12723.6655 -3451.0992 10.0
R -12725.2242 -3454.7738 10.0
R -12726.7829 -3458.4484 10.0
R -12728.3415 -3462.1230 10.0
R -12729.9002 -3465.7976 10.0
R -12731.4589 -3469.4722 10.0
R -12733.0176 -3473.1468 10.0
R -12734.5763 -3476.8214 10.0
R -12736.1350 -3480.4960 10.0
R -12737.6937 -3484.1706 10.0
R -12739.2524 -3487.8452 10.0
R -12740.8111 -3491.5198 10.0
R -12742.3698 -3495.1944 10.0
R -12743.9285 -3498.8690 10.0
R -12745.4871 -3502.5436 10.0
R -12747.0458 -3506.2182 10.0
R -12748.6045 -3509.8928 10.0
R -12750.1632 -3513.5674 10.0
R -12751.7219 -3517.2420 10.0
R -12753.2806 -3520.9165 10.0
R -12754.8393 -3524.5911 10.0
R -12756.3980 -3528.2657 10.0
R -12757.9567 -3531.9403 10.0
R -12759.5154 -3535.6149 10.0
R -12761.0740 -3539.2895 10.0
R -12762.6327 -3542.9641 10.0
R -12764.1914 -3546.6387 10.0
R -12765.7501 -3550.3133 10.0
R -12767.3088 -3553.9879 10.0
R -12768.8675 -3557.6625 10.0
R -12770.4262 -3561.3371 10.0
R -12771.9849 -3565.0117 10.0
R -12773.5436 -3568.6863 10.0
R -12775.1023 -3572.3609 10.0
R -12776.6610 -3576.0355 10.0
R -12778.2196 -3579.7101 10.0
R -12779.7783 -3583.3847 10.0
R -12781.3370 -3587.0593 10.0
R -12782.8957 -3590.7339 10.0
R -12784.4544 -3594.4085 10.0
R -12786.0131 -3598.0830 10.0
R -12787.5718 -3601.7576 10.0
R -12789.1305 -3605.4322 10.0
R -12790.6892 -3609.1068 10.0
R -12792.2479 -3612.7814 10.0
R -12793.8065 -3616.4560 10.0
R -12795.3652 -3620.1306 10.0
R -12796.9239 -3623.8052 10.0
R -12798.4826 -3627.4798 10.0
R -12800.0413 -3631.1544 10.0
R -12801.6000 -3634.8290 10.0
R -12803.1587 -3638.5036 10.0
R -12804.7174 -3642.1782 10.0
R -12806.2761 -3645.8528 10.0
R -12807.8348 -3649.5274 10.0
R -12809.3935 -3653.2020 10.0
R -12810.9521 -3656.8766 10.0
R -12812.5108 -3660.5512 10.0
R -12814.0695 -3664.2258 10.0
R -12815.6282 -3667.9004 10.0
R -12817.1869 -3671.5750 10.0
R -12818.7456 -3675.2495 10.0
R -12820.3043 -3678.9241 10.0
R -12821.8630 -3682.5987 10.0
R -12823.4217 -3686.2733 10.0
R -12824.9804 -3689.9479 10.0
R -12826.5390 -3693.6225 10.0
R -12828.0977 -3697.2971 10.0
R -12829.6564 -3700.9717 10.0
R -12831.2151 -3704.6463 10.0
R -12832.7738 -3708.3209 10.0
R -12834.3325 -3711.9955 10.0
R -12835.8912 -3715.6701 10.0
R -12837.4499 -3719.3447 10.0
R -12839.0086 -3723.0193 10.0
R -12840.5673 -3726.6939 10.0
R -12842.1260 -3730.3685 10.0
R -12843.6846 -3734.0431 10.0
R -12845.2433 -3737.7177 10.0
R -12846.8020 -3741.3923 10.0
R -12848.3607 -3745.0669 10.0
R -12849.9194 -3748.7415 10.0
R -12851.4781 -3752.4160 10.0
R -12853.0368 -3756.0906 10.0
R -12854.5955 -3759.7652 10.0
R -12856.1542 -3763.4398 10.0
R -12857.7129 -3767.1144 10.0
R -12859.2715 -3770.7890 10.0
R -12860.8302 -3774.4636 10.0
R -12862.3889 -3778.1382 10.0
R -12863.9476 -3781.8128 10.0
R -12865.5063 -3785.4874 10.0
R -12867.0650 -3789.1620 10.0
R -12868.6237 -3792.8366 10.0
R -12870.1824 -3796.5112 10.0
R -12871.7411 -3800.1858 10.0
R -12873.2998 -3803.8604 10.0
R -12874.8585 -3807.5350 10.0
R -12876.4171 -3811.2096 10.0
R -12877.9758 -3814.8842 10.0
R -12879.5345 -3818.5588 10.0
R -12881.0932 -3822.2334 10.0
R -12882.6519 -3825.9080 10.0
R -12884.2106 -3829.5825 10.0
R -12885.7693 -3833.2571 10.0
R -12887.3280 -3836.9317 10.0
R -12888.8867 -3840.6063 10.0
R -12890.4454 -3844.2809 10.0
R -12892.0040 -3847.9555 10.0
R -12893.5627 -3851.6301 10.0
R -12895.1214 -3855.3047 10.0
R -12896.6801 -3858.9793 10.0
R -12898.2388 -3862.6539 10.0
R -12899.7975 -3866.3285 10.0
R -12901.3562 -3870.0031 10.0
R -12902.9149 -3873.6777 10.0
R -12904.4736 -3877.3523 10.0
R -12906.0323 -3881.0269 10.0
R -12907.5910 -3884.7015 10.0
R -12909.1496 -3888.3761 10.0
R -12910.7083 -3892.0507 10.0
R -12912.2670 -3895.7253 10.0
R -12913.8257 -3899.3999 10.0
R -12915.3844 -3903.0745 10.0
R -12916.9431 -3906.7490 10.0
R -12918.5018 -3910.4236 10.0
R -12920.0605 -3914.0982 10.0
R -12921.6192 -3917.7728 10.0
R -12923.1779 -3921.4474 10.0
R -12924.7365 -3925.1220 10.0
R -12926.2952 -3928.7966 10.0
R -12927.8539 -3932.4712 10.0
R -12929.4126 -3936.1458 10.0
R -12930.9713 -3939.8204 10.0
R -12932.5300 -3943.4950 10.0
R -12934.0887 -3947.1696 10.0
R -12935.6474 -3950.8442 10.0
R -12937.2061 -3954.5188 10.0
R -12938.7648 -3958.1934 10.0
R -12940.3235 -3961.8680 10.0
R -12941.8821 -3965.5426 10.0
R -12943.4408 -3969.2172 10.0
R -12944.9995 -3972.8918 10.0
R -12946.5582 -3976.5664 10.0
R -12948.1169 -3980.2410 10.0
R -12949.6756 -3983.9155 10.0
R -12951.2343 -3987.5901 10.0
R -12952.7930 -3991.2647 10.0
R -12954.3517 -3994.9393 10.0
R -12955.9104 -3998.6139 10.0
R -12957.4690 -4002.2885 10.0
R -12959.0277 -4005.9631 10.0
R -12960.5864 -4009.6377 10.0
R -12962.1451 -4013.3123 10.0
R -12963.7038 -4016.9869 10.0
R -12965.2625 -4020.6615 10.0
R -12966.8212 -4024.3361 10.0
R -12968.3799 -4028.0107 10.0
R -12969.9386 -4031.6853 10.0
R -12971.4973 -4035.3599 10.0
R -12973.0560 -4039.0345 10.0
R -12974.6146 -4042.7091 10.0
R -12976.1733 -4046.3837 10.0
R -12977.7320 -4050.0583 10.0
R -12979.2907 -4053.7329 10.0
R -12980.8494 -4057.4075 10.0
R -12982.4081 -4061.0820 10.0
R -12983.9668 -4064.7566 10.0
R -12985.5255 -4068.4312 10.0
R -12987.0842 -4072.1058 10.0
R -12988.6429 -4075.7804 10.0
R -12990.2015 -4079.4550 10.0
R -12991.7602 -4083.1296 10.0
R -12993.3189 -4086.8042 10.0
R -12994.8776 -4090.4788 10.0
R -12996.4363 -4094.1534 10.0
R -12997.9950 -4097.8280 10.0
R -12999.5537 -4101.5026 10.0
R -13001.1124 -4105.1772 10.0
R -13002.6711 -4108.8518 10.0
R -13004.2298 -4112.5264 10.0
R -13005.7885 -4116.2010 10.0
R -13007.3471 -4119.8756 10.0
R -13008.9058 -4123.5502 10.0
R -13010.4645 -4127.2248 10.0
R -13012.0232 -4130.8994 10.0
R -13013.5819 -4134.5740 10.0
R -13015.1406 -4138.2485 10.0
R -13016.6993 -4141.9231 10.0
R -13018.2580 -4145.5977 10.0
R -13019.8167 -4149.2723 10.0
R -13021.3754 -4152.9469 10.0
R -13022.9340 -4156.6215 10.0
R -13024.4927 -4160.2961 10.0
R -13026.0514 -4163.9707 10.0
R -13027.6101 -4167.6453 10.0
R -13029.1688 -4171.3199 10.0
R -13030.7275 -4174.9945 10.0
R -13032.2862 -4178.6691 10.0
R -13033.8449 -4182.3437 10.0
R -13035.4036 -4186.0183 10.0
R -13036.9623 -4189.6929 10.0
R -13038.5210 -4193.3675 10.0
R -13040.0796 -4197.0421 10.0
R -13041.6383 -4200.7167 10.0
R -13043.1970 -4204.3913 10.0
R -13044.7557 -4208.0659 10.0
R -13046.3144 -4211.7405 10.0
R -13047.8731 -4215.4150 10.0
R -13049.4318 -4219.0896 10.0
R -13050.9905 -4222.7642 10.0
R -13052.5492 -4226.4388 10.0
R -13054.1079 -4230.1134 10.0
R -13055.6665 -4233.7880 10.0
R -13057.2252 -4237.4626 10.0
R -13058.7839 -4241.1372 10.0
R -13060.3426 -4244.8118 10.0
R -13061.9013 -4248.4864 10.0
R -13063.4600 -4252.1610 10.0
R -13065.0187 -4255.8356 10.0
R -13066.5774 -4259.5102 10.0
R -13068.1361 -4263.1848 10.0
R -13069.6948 -4266.8594 10.0
R -13071.2535 -4270.5340 10.0
R -13072.8121 -4274.2086 10.0
R -13074.3708 -4277.8832 10.0
R -13075.9295 -4281.5578 10.0
R -13077.4882 -4285.2324 10.0
R -13079.0469 -4288.9070 10.0
R -13080.6056 -4292.5815 10.0
R -13082.1643 -4296.2561 10.0
R -13083.7230 -4299.9307 10.0
R -13085.2817 -4303.6053 10.0
R -13086.8404 -4307.2799 10.0
R -13088.3990 -4310.9545 10.0
R -13089.9577 -4314.6291 10.0
R -13091.5164 -4318.3037 10.0
R -13093.0751 -4321.9783 10.0
R -13094.6338 -4325.6529 10.0
R -13096.1925 -4329.3275 10.0
R -13097.7512 -4333.0021 10.0
R -13099.3099 -4336.6767 10.0
R -13100.8686 -4340.3513 10.0
R -13102.4273 -4344.0259 10.0
R -13103.9860 -4347.7005 10.0
R -13105.5446 -4351.3751 10.0
R -13107.1033 -4355.0497 10.0
R -13108.6620 -4358.7243 10.0
R -13110.2207 -4362.3989 10.0
R -13111.7794 -4366.0735 10.0
R -13113.3381 -4369.7480 10.0
R -13114.8968 -4373.4226 10.0
R -13116.4555 -4377.0972 10.0
R -13118.0142 -4380.7718 10.0
R -13119.5729 -4384.4464 10.0
R -13121.1315 -4388.1210 10.0
R -13122.6902 -4391.7956 10.0
R -13124.2489 -4395.4702 10.0
R -13125.8076 -4399.1448 10.0
R -13127.3663 -4402.8194 10.0
R -13128.9250 -4406.4940 10.0
R -13130.4837 -4410.1686 10.0
R -13132.0424 -4413.8432 10.0
R -13133.6011 -4417.5178 10.0
R -13135.1598 -4421.1924 10.0
R -13136.7185 -4424.8670 10.0
R -13138.2771 -4428.5416 10.0
R -13139.8358 -4432.2162 10.0
R -13141.3945 -4435.8908 10.0
R -13142.9532 -4439.5654 10.0
R -13144.5119 -4443.2400 10.0
R -13146.0706 -4446.9145 10.0
R -13147.6293 -4450.5891 10.0
R -13149.1880 -4454.2637 10.0
R -13150.7467 -4457.9383 10.0
R -13152.3054 -4461.6129 10.0
R -13153.8640 -4465.2875 10.0
R -13155.4227 -4468.9621 10.0
R -13156.9814 -4472.6367 10.0
R -13158.5401 -4476.3113 10.0
R -13160.0988 -4479.9859 10.0
R -13161.6575 -4483.6605 10.0
R -13163.2162 -4487.3351 10.0
R -13164.7749 -4491.0097 10.0
R -13166.3336 -4494.6843 10.0
R -13167.8923 -4498.3589 10.0
R -13169.4510 -4502.0335 10.0
R -13171.0096 -4505.7081 10.0
R -13172.5683 -4509.3827 10.0
R -13174.1270 -4513.0573 10.0
R -13175.6857 -4516.7319 10.0
R -13177.2444 -4520.4065 10.0
R -13178.8031 -4524.0810 10.0
R -13180.3618 -4527.7556 10.0
R -13181.9205 -4531.4302 10.0
R -13183.4792 -4535.1048 10.0
R -13185.0379 -4538.7794 10.0
R -13186.5965 -4542.4540 10.0
R -13188.1552 -4546.1286 10.0
R -13189.7139 -4549.8032 10.0
R -13191.2726 -4553.4778 10.0
R -13192.8313 -4557.1524 10.0
R -13194.3900 -4560.8270 10.0
R -13195.9487 -4564.5016 10.0
R -13197.5074 -4568.1762 10.0
R -13199.0661 -4571.8508 10.0
R -13200.6248 -4575.5254 10.0
R -13202.1835 -4579.2000 10.0
R -13203.7421 -4582.8746 10.0
R -13205.3008 -4586.5492 10.0
R -13206.8595 -4590.2238 10.0
R -13208.4182 -4593.8984 10.0
R -13209.9769 -4597.5730 10.0
R -13211.5356 -4601.2475 10.0
R -13213.0943 -4604.9221 10.0
R -13214.6530 -4608.5967 10.0
R -13216.2117 -4612.2713 10.0
R -13217.7704 -4615.9459 10.0
R -13219.3290 -4619.6205 10.0
R -13220.8877 -4623.2951 10.0
R -13222.4464 -4626.9697 10.0
R -13224.0051 -4630.6443 10.0
R -13225.5638 -4634.3189 10.0
R -13227.1225 -4637.9935 10.0
R -13228.6812 -4641.6681 10.0
R -13230.2399 -4645.3427 10.0
R -13231.7986 -4649.0173 10.0
R -13233.3573 -4652.6919 10.0
R -13234.9160 -4656.3665 10.0
R -13236.4746 -4660.0411 10.0
R -13238.0333 -4663.7157 10.0
R -13239.5920 -4667.3903 10.0
R -13241.1507 -4671.0649 10.0
R -13242.7094 -4674.7395 10.0
R -13244.2681 -4678.4140 10.0
R -13245.8268 -4682.0886 10.0
R -13247.3855 -4685.7632 10.0
R -13248.9442 -4689.4378 10.0
R -13250.5029 -4693.1124 10.0
R -13252.0615 -4696.7870 10.0
R -13253.6202 -4700.4616 10.0
R -13255.1789 -4704.1362 10.0
R -13256.7376 -4707.8108 10.0
R -13258.2963 -4711.4854 10.0
R -13259.8550 -4715.1600 10.0
R -13261.4167 -4718.8418 10.0
R -13262.9785 -4722.5236 10.0
R -13264.5402 -4726.2054 10.0
R -13266.1020 -4729.8872 10.0
R -13267.6637 -4733.5690 10.0
R -13269.2255 -4737.2508 10.0
R -13270.7872 -4740.9326 10.0
R -13272.3490 -4744.6144 10.0
R -13273.9107 -4748.2962 10.0
R -13275.4725 -4751.9780 10.0
R -13277.0342 -4755.6598 10.0
R -13278.5960 -4759.3416 10.0
R -13280.1577 -4763.0234 10.0
R -13281.7195 -4766.7052 10.0
R -13283.2812 -4770.3870 10.0
R -13284.8430 -4774.0688 10.0
R -13286.4047 -4777.7506 10.0
R -13287.9665 -4781.4324 10.0
R -13289.5282 -4785.1142 10.0
R -13291.0899 -4788.7960 10.0
R -13292.6517 -4792.4778 10.0
R -13294.2134 -4796.1596 10.0
R -13295.7752 -4799.8414 10.0
R -13297.3369 -4803.5232 10.0
R -13298.8987 -4807.2050 10.0
R -13300.4604 -4810.8868 10.0
R -13302.0222 -4814.5686 10.0
R -13303.5839 -4818.2504 10.0
R -13305.1457 -4821.9322 10.0
R -13306.7074 -4825.6140 10.0
R -13308.2692 -4829.2959 10.0
R -13309.8309 -4832.9777 10.0
R -13311.3927 -4836.6595 10.0
R -13312.9544 -4840.3413 10.0
R -13314.5162 -4844.0231 10.0
R -13316.0779 -4847.7049 10.0
R -13317.6396 -4851.3867 10.0
R -13319.2014 -4855.0685 10.0
R -13320.7631 -4858.7503 10.0
R -13322.3249 -4862.4321 10.0
R -13323.8866 -4866.1139 10.0
R -13325.4484 -4869.7957 10.0
R -13327.0101 -4873.4775 10.0
R -13328.5719 -4877.1593 10.0
R -13330.1336 -4880.8411 10.0
R -13331.6954 -4884.5229 10.0
R -13333.2571 -4888.2047 10.0
R -13334.8189 -4891.8865 10.0
R -13336.3806 -4895.5683 10.0
R -13337.9424 -4899.2501 10.0
R -13339.5041 -4902.9319 10.0
R -13341.0659 -4906.6137 10.0
R -13342.6276 -4910.2955 10.0
R -13344.1894 -4913.9773 10.0
R -13345.7511 -4917.6591 10.0
R -13347.3128 -4921.3409 10.0
R -13348.8746 -4925.0227 10.0
R -13350.4363 -4928.7045 10.0
R -13351.9981 -4932.3863 10.0
R -13353.5598 -4936.0681 10.0
R -13355.1216 -4939.7499 10.0
R -13356.6833 -4943.4317 10.0
R -13358.2451 -4947.1135 10.0
R -13359.8068 -4950.7953 10.0
R -13361.3686 -4954.4771 10.0
R -13362.9303 -4958.1589 10.0
R -13364.4921 -4961.8407 10.0
R -13366.0538 -4965.5225 10.0
R -13367.6156 -4969.2043 10.0
R -13369.1773 -4972.8861 10.0
R -13370.7391 -4976.5679 10.0
R -13372.3008 -4980.2497 10.0
R -13373.8626 -4983.9315 10.0
R -13375.4243 -4987.6133 10.0
R -13376.9860 -4991.2951 10.0
R -13378.5478 -4994.9769 10.0
R -13380.1095 -4998.6587 10.0
R -13381.6713 -5002.3405 10.0
R -13383.2330 -5006.0223 10.0
R -13384.7948 -5009.7041 10.0
R -13386.3565 -5013.3859 10.0
R -13387.9183 -5017.0677 10.0
R -13389.4800 -5020.7495 10.0
R -13391.0418 -5024.4313 10.0
R -13392.6035 -5028.1131 10.0
R -13394.1653 -5031.7949 10.0
R -13395.7270 -5035.4767 10.0
R -13397.2888 -5039.1585 10.0
R -13398.8505 -5042.8403 10.0
R -13400.4123 -5046.5221 10.0
R -13401.9740 -5050.2040 10.0
R -13403.5358 -5053.8858 10.0
R -13405.0975 -5057.5676 10.0
R -13406.6592 -5061.2494 10.0
R -13408.2210 -5064.9312 10.0
R -13409.7827 -5068.6130 10.0
R -13411.3445 -5072.2948 10.0
R -13412.9062 -5075.9766 10.0
R -13414.4680 -5079.6584 10.0
R -13416.0297 -5083.3402 10.0
R -13417.5915 -5087.0220 10.0
R -13419.1532 -5090.7038 10.0
R -13420.7150 -5094.3856 10.0
R -13422.2767 -5098.0674 10.0
R -13423.8385 -5101.7492 10.0
R -13425.4002 -5105.4310 10.0
R -13426.9620 -5109.1128 10.0
R -13428.5237 -5112.7946 10.0
R -13430.0855 -5116.4764 10.0
R -13431.6472 -5120.1582 10.0
R -13433.2089 -5123.8400 10.0
R -13434.7707 -5127.5218 10.0
R -13436.3324 -5131.2036 10.0
R -13437.8942 -5134.8854 10.0
R -13439.4559 -5138.5672 10.0
R -13441.0177 -5142.2490 10.0
R -13442.5794 -5145.9308 10.0
R -13444.1412 -5149.6126 10.0
R -13445.7029 -5153.2944 10.0
R -13447.2647 -5156.9762 10.0
R -13448.8264 -5160.6580 10.0
R -13450.3882 -5164.3398 10.0
R -13451.9499 -5168.0216 10.0
R -13453.5117 -5171.7034 10.0
R -13455.0734 -5175.3852 10.0
R -13456.6352 -5179.0670 10.0
R -13458.1969 -5182.7488 10.0
R -13459.7587 -5186.4306 10.0
R -13461.3204 -5190.1124 10.0
R -13462.8821 -5193.7942 10.0
R -13464.4439 -5197.4760 10.0
R -13466.0056 -5201.1578 10.0
R -13467.5674 -5204.8396 10.0
R -13469.1291 -5208.5214 10.0
R -13470.6909 -5212.2032 10.0
R -13472.2526 -5215.8850 10.0
R -13473.8144 -5219.5668 10.0
R -13475.3761 -5223.2486 10.0
R -13476.9379 -5226.9304 10.0
R -13478.4996 -5230.6122 10.0
R -13480.0614 -5234.2940 10.0
R -13481.6231 -5237.9758 10.0
R -13483.1849 -5241.6576 10.0
R -13484.7466 -5245.3394 10.0
R -13486.3084 -5249.0212 10.0
R -13487.8701 -5252.7030 10.0
R -13489.4319 -5256.3848 10.0
R -13490.9936 -5260.0666 10.0
R -13492.5553 -5263.7484 10.0
R -13494.1171 -5267.4302 10.0
R -13495.6788 -5271.1120 10.0
R -13497.2406 -5274.7939 10.0
R -13498.8023 -5278.4757 10.0
R -13500.3641 -5282.1575 10.0
R -13501.9258 -5285.8393 10.0
R -13503.4876 -5289.5211 10.0
R -13505.0493 -5293.2029 10.0
R -13506.6111 -5296.8847 10.0
R -13508.1728 -5300.5665 10.0
R -13509.7346 -5304.2483 10.0
R -13511.2963 -5307.9301 10.0
R -13512.8581 -5311.6119 10.0
R -13514.4198 -5315.2937 10.0
R -13515.9816 -5318.9755 10.0
R -13517.5433 -5322.6573 10.0
R -13519.1051 -5326.3391 10.0
R -13520.6668 -5330.0209 10.0
R -13522.2285 -5333.7027 10.0
R -13523.7903 -5337.3845 10.0
R -13525.3520 -5341.0663 10.0
R -13526.9138 -5344.7481 10.0
R -13528.4755 -5348.4299 10.0
R -13530.0373 -5352.1117 10.0
R -13531.5990 -5355.7935 10.0
R -13533.1608 -5359.4753 10.0
R -13534.7225 -5363.1571 10.0
R -13536.2843 -5366.8389 10.0
R -13537.8460 -5370.5207 10.0
R -13539.4078 -5374.2025 10.0
R -13540.9695 -5377.8843 10.0
R -13542.5313 -5381.5661 10.0
R -13544.0930 -5385.2479 10.0
R -13545.6548 -5388.9297 10.0
R -13547.2165 -5392.6115 10.0
R -13548.7782 -5396.2933 10.0
R -13550.3400 -5399.9751 10.0
R -13551.9017 -5403.6569 10.0
R -13553.4635 -5407.3387 10.0
R -13555.0252 -5411.0205 10.0
R -13556.5870 -5414.7023 10.0
R -13558.1487 -5418.3841 10.0
R -13559.7105 -5422.0659 10.0
R -13561.2722 -5425.7477 10.0
R -13562.8340 -5429.4295 10.0
R -13564.3957 -5433.1113 10.0
R -13565.9575 -5436.7931 10.0
R -13567.5192 -5440.4749 10.0
R -13569.0810 -5444.1567 10.0
R -13570.6427 -5447.8385 10.0
R -13572.2045 -5451.5203 10.0
R -13573.7662 -5455.2021 10.0
R -13575.3280 -5458.8839 10.0
R -13576.8897 -5462.5657 10.0
R -13578.4514 -5466.2475 10.0
R -13580.0132 -5469.9293 10.0
R -13581.5749 -5473.6111 10.0
R -13583.1367 -5477.2929 10.0
R -13584.6984 -5480.9747 10.0
R -13586.2602 -5484.6565 10.0
R -13587.8219 -5488.3383 10.0
R -13589.3837 -5492.0201 10.0
R -13590.9454 -5495.7020 10.0
R -13592.5072 -5499.3838 10.0
R -13594.0689 -5503.0656 10.0
R -13595.6307 -5506.7474 10.0
R -13597.1924 -5510.4292 10.0
R -13598.7542 -5514.1110 10.0
R -13600.3159 -5517.7928 10.0
R -13601.8777 -5521.4746 10.0
R -13603.4394 -5525.1564 10.0
R -13605.0012 -5528.8382 10.0
R -13606.5629 -5532.5200 10.0
R -13608.1246 -5536.2018 10.0
R -13609.6864 -5539.8836 10.0
R -13611.2481 -5543.5654 10.0
R -13612.8099 -5547.2472 10.0
R -13614.3716 -5550.9290 10.0
R -13615.9334 -5554.6108 10.0
R -13617.4951 -5558.2926 10.0
R -13619.0569 -5561.9744 10.0
R -13620.6186 -5565.6562 10.0
R -13622.1804 -5569.3380 10.0
R -13623.7421 -5573.0198 10.0
R -13625.3039 -5576.7016 10.0
R -13626.8656 -5580.3834 10.0
R -13628.4274 -5584.0652 10.0
R -13629.9891 -5587.7470 10.0
R -13631.5509 -5591.4288 10.0
R -13633.1126 -5595.1106 10.0
R -13634.6744 -5598.7924 10.0
R -13636.2361 -5602.4742 10.0
R -13637.7978 -5606.1560 10.0
R -13639.3596 -5609.8378 10.0
R -13640.9213 -5613.5196 10.0
R -13642.4831 -5617.2014 10.0
R -13644.0448 -5620.8832 10.0
R -13645.6066 -5624.5650 10.0
R -13647.1683 -5628.2468 10.0
R -13648.7301 -5631.9286 10.0
R -13650.2918 -5635.6104 10.0
R -13651.8536 -5639.2922 10.0
R -13653.4153 -5642.9740 10.0
R -13654.9771 -5646.6558 10.0
R -13656.5388 -5650.3376 10.0
R -13658.1006 -5654.0194 10.0
R -13659.6623 -5657.7012 10.0
R -13661.2241 -5661.3830 10.0
R -13662.7858 -5665.0648 10.0
R -13664.3475 -5668.7466 10.0
R -13665.9093 -5672.4284 10.0
R -13667.4710 -5676.1102 10.0
R -13669.0328 -5679.7920 10.0
R -13670.5945 -5683.4738 10.0
R -13672.1563 -5687.1556 10.0
R -13673.7180 -5690.8374 10.0
R -13675.2798 -5694.5192 10.0
R -13676.8415 -5698.2010 10.0
R -13678.4033 -5701.8828 10.0
R -13679.9650 -5705.5646 10.0
R -13681.5268 -5709.2464 10.0
R -13683.0885 -5712.9282 10.0
R -13684.6503 -5716.6100 10.0
R -13686.2120 -5720.2919 10.0
R -13687.7738 -5723.9737 10.0
R -13689.3355 -5727.6555 10.0
R -13690.8973 -5731.3373 10.0
R -13692.4590 -5735.0191 10.0
R -13694.0207 -5738.7009 10.0
R -13695.5825 -5742.3827 10.0
R -13697.1442 -5746.0645 10.0
R -13698.7060 -5749.7463 10.0
R -13700.2677 -5753.4281 10.0
R -13701.8295 -5757.1099 10.0
R -13703.3912 -5760.7917 10.0
R -13704.9530 -5764.4735 10.0
R -13706.5147 -5768.1553 10.0
R -13708.0765 -5771.8371 10.0
R -13709.6382 -5775.5189 10.0
R -13711.2000 -5779.2007 10.0
R -13712.7617 -5782.8825 10.0
R -13714.3235 -5786.5643 10.0
R -13715.8852 -5790.2461 10.0
R -13717.4470 -5793.9279 10.0
R -13719.0087 -5797.6097 10.0
R -13720.5705 -5801.2915 10.0
R -13722.1322 -5804.9733 10.0
R -13723.6939 -5808.6551 10.0
R -13725.2557 -5812.3369 10.0
R -13726.8174 -5816.0187 10.0
R -13728.3792 -5819.7005 10.0
R -13729.9409 -5823.3823 10.0
R -13731.5027 -5827.0641 10.0
R -13733.0644 -5830.7459 10.0
R -13734.6262 -5834.4277 10.0
R -13736.1879 -5838.1095 10.0
R -13737.7497 -5841.7913 10.0
R -13739.3114 -5845.4731 10.0
R -13740.8732 -5849.1549 10.0
R -13742.4349 -5852.8367 10.0
R -13743.9967 -5856.5185 10.0
R -13745.5584 -5860.2003 10.0
R -13747.1202 -5863.8821 10.0
R -13748.6819 -5867.5639 10.0
R -13750.2437 -5871.2457 10.0
R -13751.8054 -5874.9275 10.0
R -13753.3671 -5878.6093 10.0
R -13754.9289 -5882.2911 10.0
R -13756.4906 -5885.9729 10.0
R -13758.0524 -5889.6547 10.0
R -13759.6141 -5893.3365 10.0
R -13761.1759 -5897.0183 10.0
R -13762.7376 -5900.7001 10.0
R -13764.2994 -5904.3819 10.0
R -13765.8611 -5908.0637 10.0
R -13767.4229 -5911.7455 10.0
R -13768.9846 -5915.4273 10.0
R -13770.5464 -5919.1091 10.0
R -13772.1081 -5922.7909 10.0
R -13773.6699 -5926.4727 10.0
R -13775.2316 -5930.1545 10.0
R -13776.7934 -5933.8363 10.0
R -13778.3551 -5937.5181 10.0
R -13779.9168 -5941.2000 10.0
R -13781.4786 -5944.8818 10.0
R -13783.0403 -5948.5636 10.0
R -13784.6021 -5952.2454 10.0
R -13786.1638 -5955.9272 10.0
R -13787.7256 -5959.6090 10.0
R -13789.2873 -5963.2908 10.0
R -13790.8491 -5966.9726 10.0
R -13792.4108 -5970.6544 10.0
R -13793.9726 -5974.3362 10.0
R -13795.5343 -5978.0180 10.0
R -13797.0961 -5981.6998 10.0
R -13798.6578 -5985.3816 10.0
R -13800.2196 -5989.0634 10.0
R -13801.7813 -5992.7452 10.0
R -13803.3431 -5996.4270 10.0
R -13804.9048 -6000.1088 10.0
R -13806.4666 -6003.7906 10.0
R -13808.0283 -6007.4724 10.0
R -13809.5900 -6011.1542 10.0
R -13811.1518 -6014.8360 10.0
R -13812.7135 -6018.5178 10.0
R -13814.2753 -6022.1996 10.0
R -13815.8370 -6025.8814 10.0
R -13817.3988 -6029.5632 10.0
R -13818.9605 -6033.2450 10.0
R -13820.5223 -6036.9268 10.0
R -13822.0840 -6040.6086 10.0
R -13823.6458 -6044.2904 10.0
R -13825.2075 -6047.9722 10.0
R -13826.7693 -6051.6540 10.0
R -13828.3310 -6055.3358 10.0
R -13829.8928 -6059.0176 10.0
R -13831.4545 -6062.6994 10.0
R -13833.0163 -6066.3812 10.0
R -13834.5780 -6070.0630 10.0
R -13836.1398 -6073.7448 10.0
R -13837.7015 -6077.4266 10.0
R -13839.2632 -6081.1084 10.0
R -13840.8250 -6084.7902 10.0
R -13842.3867 -6088.4720 10.0
R -13843.9485 -6092.1538 10.0
R -13845.5102 -6095.8356 10.0
R -13847.0720 -6099.5174 10.0
R -13848.6337 -6103.1992 10.0
R -13850.1955 -6106.8810 10.0
R -13851.7572 -6110.5628 10.0
R -13853.3190 -6114.2446 10.0
R -13854.8807 -6117.9264 10.0
R -13856.4425 -6121.6082 10.0
R -13858.0042 -6125.2900 10.0
R -13859.5660 -6128.9718 10.0
R -13861.1277 -6132.6536 10.0
R -13862.6895 -6136.3354 10.0
R -13864.2512 -6140.0172 10.0
R -13865.8130 -6143.6990 10.0
R -13867.3747 -6147.3808 10.0
R -13868.9364 -6151.0626 10.0
R -13870.4982 -6154.7444 10.0
R -13872.0599 -6158.4262 10.0
R -13873.6217 -6162.1080 10.0
R -13875.1834 -6165.7899 10.0
ROUTE SUPPLY_CONTAINER_107694 OUT
R -13875.1834 -6165.7899 10.0
R -13873.6217 -6162.1080 10.0
R -13872.0599 -6158.4262 10.0
R -13870.4982 -6154.7444 10.0
R -13868.9364 -6151.0626 10.0
R -13867.3747 -6147.3808 10.0
R -13865.8130 -6143.6990 10.0
R -13864.2512 -6140.0172 10.0
R -13862.6895 -6136.3354 10.0
R -13861.1277 -6132.6536 10.0
R -13859.5660 -6128.9718 10.0
R -13858.0042 -6125.2900 10.0
R -13856.4425 -6121.6082 10.0
R -13854.8807 -6117.9264 10.0
R -13853.3190 -6114.2446 10.0
R -13851.7572 -6110.5628 10.0
R -13850.1955 -6106.8810 10.0
R -13848.6337 -6103.1992 10.0
R -13847.0720 -6099.5174 10.0
R -13845.5102 -6095.8356 10.0
R -13843.9485 -6092.1538 10.0
R -13842.3867 -6088.4720 10.0
R -13840.8250 -6084.7902 10.0
R -13839.2632 -6081.1084 10.0
R -13837.7015 -6077.4266 10.0
R -13836.1398 -6073.7448 10.0
R -13834.5780 -6070.0630 10.0
R -13833.0163 -6066.3812 10.0
R -13831.4545 -6062.6994 10.0
R -13829.8928 -6059.0176 10.0
R -13828.3310 -6055.3358 10.0
R -13826.7693 -6051.6540 10.0
R -13825.2075 -6047.9722 10.0
R -13823.6458 -6044.2904 10.0
R -13822.0840 -6040.6086 10.0
R -13820.5223 -6036.9268 10.0
R -13818.9605 -6033.2450 10.0
R -13817.3988 -6029.5632 10.0
R -13815.8370 -6025.8814 10.0
R -13814.2753 -6022.1996 10.0
R -13812.7135 -6018.5178 10.0
R -13811.1518 -6014.8360 10.0
R -13809.5900 -6011.1542 10.0
R -13808.0283 -6007.4724 10.0
R -13806.4666 -6003.7906 10.0
R -13804.9048 -6000.1088 10.0
R -13803.3431 -5996.4270 10.0
R -13801.7813 -5992.7452 10.0
R -13800.2196 -5989.0634 10.0
R -13798.6578 -5985.3816 10.0
R -13797.0961 -5981.6998 10.0
R -13795.5343 -5978.0180 10.0
R -13793.9726 -5974.3362 10.0
R -13792.4108 -5970.6544 10.0
R -13790.8491 -5966.9726 10.0
R -13789.2873 -5963.2908 10.0
R -13787.7256 -5959.6090 10.0
R -13786.1638 -5955.9272 10.0
R -13784.6021 -5952.2454 10.0
R -13783.0403 -5948.5636 10.0
R -13781.4786 -5944.8818 10.0
R -13779.9168 -5941.2000 10.0
R -13778.3551 -5937.5181 10.0
R -13776.7934 -5933.8363 10.0
R -13775.2316 -5930.1545 10.0
R -13773.6699 -5926.4727 10.0
R -13772.1081 -5922.7909 10.0
R -13770.5464 -5919.1091 10.0
R -13768.9846 -5915.4273 10.0
R -13767.4229 -5911.7455 10.0
R -13765.8611 -5908.0637 10.0
R -13764.2994 -5904.3819 10.0
R -13762.7376 -5900.7001 10.0
R -13761.1759 -5897.0183 10.0
R -13759.6141 -5893.3365 10.0
R -13758.0524 -5889.6547 10.0
R -13756.4906 -5885.9729 10.0
R -13754.9289 -5882.2911 10.0
R -13753.3671 -5878.6093 10.0
R -13751.8054 -5874.9275 10.0
R -13750.2437 -5871.2457 10.0
R -13748.6819 -5867.5639 10.0
R -13747.1202 -5863.8821 10.0
R -13745.5584 -5860.2003 10.0
R -13743.9967 -5856.5185 10.0
R -13742.4349 -5852.8367 10.0
R -13740.8732 -5849.1549 10.0
R -13739.3114 -5845.4731 10.0
R -13737.7497 -5841.7913 10.0
R -13736.1879 -5838.1095 10.0
R -13734.6262 -5834.4277 10.0
R -13733.0644 -5830.7459 10.0
R -13731.5027 -5827.0641 10.0
R -13729.9409 -5823.3823 10.0
R -13728.3792 -5819.7005 10.0
R -13726.8174 -5816.0187 10.0
R -13725.2557 -5812.3369 10.0
R -13723.6939 -5808.6551 10.0
R -13722.1322 -5804.9733 10.0
R -13720.5705 -5801.2915 10.0
R -13719.0087 -5797.6097 10.0
R -13717.4470 -5793.9279 10.0
R -13715.8852 -5790.2461 10.0
R -13714.3235 -5786.5643 10.0
R -13712.7617 -5782.8825 10.0
R -13711.2000 -5779.2007 10.0
R -13709.6382 -5775.5189 10.0
R -13708.0765 -5771.8371 10.0
R -13706.5147 -5768.1553 10.0
R -13704.9530 -5764.4735 10.0
R -13703.3912 -5760.7917 10.0
R -13701.8295 -5757.1099 10.0
R -13700.2677 -5753.4281 10.0
R -13698.7060 -5749.7463 10.0
R -13697.1442 -5746.0645 10.0
R -13695.5825 -5742.3827 10.0
R -13694.0207 -5738.7009 10.0
R -13692.4590 -5735.0191 10.0
R -13690.8973 -5731.3373 10.0
R -13689.3355 -5727.6555 10.0
R -13687.7738 -5723.9737 10.0
R -13686.2120 -5720.2919 10.0
R -13684.6503 -5716.6100 10.0
R -13683.0885 -5712.9282 10.0
R -13681.5268 -5709.2464 10.0
R -13679.9650 -5705.5646 10.0
R -13678.4033 -5701.8828 10.0
R -13676.8415 -5698.2010 10.0
R -13675.2798 -5694.5192 10.0
R -13673.7180 -5690.8374 10.0
R -13672.1563 -5687.1556 10.0
R -13670.5945 -5683.4738 10.0
R -13669.0328 -5679.7920 10.0
R -13667.4710 -5676.1102 10.0
R -13665.9093 -5672.4284 10.0
R -13664.3475 -5668.7466 10.0
R -13662.7858 -5665.0648 10.0
R -13661.2241 -5661.3830 10.0
R -13659.6623 -5657.7012 10.0
R -13658.1006 -5654.0194 10.0
R -13656.5388 -5650.3376 10.0
R -13654.9771 -5646.6558 10.0
R -13653.4153 -5642.9740 10.0
R -13651.8536 -5639.2922 10.0
R -13650.2918 -5635.6104 10.0
R -13648.7301 -5631.9286 10.0
R -13647.1683 -5628.2468 10.0
R -13645.6066 -5624.5650 10.0
R -13644.0448 -5620.8832 10.0
R -13642.4831 -5617.2014 10.0
R -13640.9213 -5613.5196 10.0
R -13639.3596 -5609.8378 10.0
R -13637.7978 -5606.1560 10.0
R -13636.2361 -5602.4742 10.0
R -13634.6744 -5598.7924 10.0
R -13633.1126 -5595.1106 10.0
R -13631.5509 -5591.4288 10.0
R -13629.9891 -5587.7470 10.0
R -13628.4274 -5584.0652 10.0
R -13626.8656 -5580.3834 10.0
R -13625.3039 -5576.7016 10.0
R -13623.7421 -5573.0198 10.0
R -13622.1804 -5569.3380 10.0
R -13620.6186 -5565.6562 10.0
R -13619.0569 -5561.9744 10.0
R -13617.4951 -5558.2926 10.0
R -13615.9334 -5554.6108 10.0
R -13614.3716 -5550.9290 10.0
R -13612.8099 -5547.2472 10.0
R -13611.2481 -5543.5654 10.0
R -13609.6864 -5539.8836 10.0
R -13608.1246 -5536.2018 10.0
R -13606.5629 -5532.5200 10.0
R -13605.0012 -5528.8382 10.0
R -13603.4394 -5525.1564 10.0
R -13601.8777 -5521.4746 10.0
R -13600.3159 -5517.7928 10.0
R -13598.7542 -5514.1110 10.0
R -13597.1924 -5510.4292 10.0
R -13595.6307 -5506.7474 10.0
R -13594.0689 -5503.0656 10.0
R -13592.5072 -5499.3838 10.0
R -13590.9454 -5495.7020 10.0
R -13589.3837 -5492.0201 10.0
R -13587.8219 -5488.3383 10.0
R -13586.2602 -5484.6565 10.0
R -13584.6984 -5480.9747 10.0
R -13583.1367 -5477.2929 10.0
R -13581.5749 -5473.6111 10.0
R -13580.0132 -5469.9293 10.0
R -13578.4514 -5466.2475 10.0
R -13576.8897 -5462.5657 10.0
R -13575.3280 -5458.8839 10.0
R -13573.7662 -5455.2021 10.0
R -13572.2045 -5451.5203 10.0
R -13570.6427 -5447.8385 10.0
R -13569.0810 -5444.1567 10.0
R -13567.5192 -5440.4749 10.0
R -13565.9575 -5436.7931 10.0
R -13564.3957 -5433.1113 10.0
R -13562.8340 -5429.4295 10.0
R -13561.2722 -5425.7477 10.0
R -13559.7105 -5422.0659 10.0
R -13558.1487 -5418.3841 10.0
R -13556.5870 -5414.7023 10.0
R -13555.0252 -5411.0205 10.0
R -13553.4635 -5407.3387 10.0
R -13551.9017 -5403.6569 10.0
R -13550.3400 -5399.9751 10.0
R -13548.7782 -5396.2933 10.0
R -13547.2165 -5392.6115 10.0
R -13545.6548 -5388.9297 10.0
R -13544.0930 -5385.2479 10.0
R -13542.5313 -5381.5661 10.0
R -13540.9695 -5377.8843 10.0
R -13539.4078 -5374.2025 10.0
R -13537.8460 -5370.5207 10.0
R -13536.2843 -5366.8389 10.0
R -13534.7225 -5363.1571 10.0
R -13533.1608 -5359.4753 10.0
R -13531.5990 -5355.7935 10.0
R -13530.0373 -5352.1117 10.0
R -13528.4755 -5348.4299 10.0
R -13526.9138 -5344.7481 10.0
R -13525.3520 -5341.0663 10.0
R -13523.7903 -5337.3845 10.0
R -13522.2285 -5333.7027 10.0
R -13520.6668 -5330.0209 10.0
R -13519.1051 -5326.3391 10.0
R -13517.5433 -5322.6573 10.0
R -13515.9816 -5318.9755 10.0
R -13514.4198 -5315.2937 10.0
R -13512.8581 -5311.6119 10.0
R -13511.2963 -5307.9301 10.0
R -13509.7346 -5304.2483 10.0
R -13508.1728 -5300.5665 10.0
R -13506.6111 -5296.8847 10.0
R -13505.0493 -5293.2029 10.0
R -13503.4876 -5289.5211 10.0
R -13501.9258 -5285.8393 10.0
R -13500.3641 -5282.1575 10.0
R -13498.8023 -5278.4757 10.0
R -13497.2406 -5274.7939 10.0
R -13495.6788 -5271.1120 10.0
R -13494.1171 -5267.4302 10.0
R -13492.5553 -5263.7484 10.0
R -13490.9936 -5260.0666 10.0
R -13489.4319 -5256.3848 10.0
R -13487.8701 -5252.7030 10.0
R -13486.3084 -5249.0212 10.0
R -13484.7466 -5245.3394 10.0
R -13483.1849 -5241.6576 10.0
R -13481.6231 -5237.9758 10.0
R -13480.0614 -5234.2940 10.0
R -13478.4996 -5230.6122 10.0
R -13476.9379 -5226.9304 10.0
R -13475.3761 -5223.2486 10.0
R -13473.8144 -5219.5668 10.0
R -13472.2526 -5215.8850 10.0
R -13470.6909 -5212.2032 10.0
R -13469.1291 -5208.5214 10.0
R -13467.5674 -5204.8396 10.0
R -13466.0056 -5201.1578 10.0
R -13464.4439 -5197.4760 10.0
R -13462.8821 -5193.7942 10.0
R -13461.3204 -5190.1124 10.0
R -13459.7587 -5186.4306 10.0
R -13458.1969 -5182.7488 10.0
R -13456.6352 -5179.0670 10.0
R -13455.0734 -5175.3852 10.0
R -13453.5117 -5171.7034 10.0
R -13451.9499 -5168.0216 10.0
R -13450.3882 -5164.3398 10.0
R -13448.8264 -5160.6580 10.0
R -13447.2647 -5156.9762 10.0
R -13445.7029 -5153.2944 10.0
R -13444.1412 -5149.6126 10.0
R -13442.5794 -5145.9308 10.0
R -13441.0177 -5142.2490 10.0
R -13439.4559 -5138.5672 10.0
R -13437.8942 -5134.8854 10.0
R -13436.3324 -5131.2036 10.0
R -13434.7707 -5127.5218 10.0
R -13433.2089 -5123.8400 10.0
R -13431.6472 -5120.1582 10.0
R -13430.0855 -5116.4764 10.0
R -13428.5237 -5112.7946 10.0
R -13426.9620 -5109.1128 10.0
R -13425.4002 -5105.4310 10.0
R -13423.8385 -5101.7492 10.0
R -13422.2767 -5098.0674 10.0
R -13420.7150 -5094.3856 10.0
R -13419.1532 -5090.7038 10.0
R -13417.5915 -5087.0220 10.0
R -13416.0297 -5083.3402 10.0
R -13414.4680 -5079.6584 10.0
R -13412.9062 -5075.9766 10.0
R -13411.3445 -5072.2948 10.0
R -13409.7827 -5068.6130 10.0
R -13408.2210 -5064.9312 10.0
R -13406.6592 -5061.2494 10.0
R -13405.0975 -5057.5676 10.0
R -13403.5358 -5053.8858 10.0
R -13401.9740 -5050.2040 10.0
R -13400.4123 -5046.5221 10.0
R -13398.8505 -5042.8403 10.0
R -13397.2888 -5039.1585 10.0
R -13395.7270 -5035.4767 10.0
R -13394.1653 -5031.7949 10.0
R -13392.6035 -5028.1131 10.0
R -13391.0418 -5024.4313 10.0
R -13389.4800 -5020.7495 10.0
R -13387.9183 -5017.0677 10.0
R -13386.3565 -5013.3859 10.0
R -13384.7948 -5009.7041 10.0
R -13383.2330 -5006.0223 10.0
R -13381.6713 -5002.3405 10.0
R -13380.1095 -4998.6587 10.0
R -13378.5478 -4994.9769 10.0
R -13376.9860 -4991.2951 10.0
R -13375.4243 -4987.6133 10.0
R -13373.8626 -4983.9315 10.0
R -13372.3008 -4980.2497 10.0
R -13370.7391 -4976.5679 10.0
R -13369.1773 -4972.8861 10.0
R -13367.6156 -4969.2043 10.0
R -13366.0538 -4965.5225 10.0
R -13364.4921 -4961.8407 10.0
R -13362.9303 -4958.1589 10.0
R -13361.3686 -4954.4771 10.0
R -13359.8068 -4950.7953 10.0
R -13358.2451 -4947.1135 10.0
R -13356.6833 -4943.4317 10.0
R -13355.1216 -4939.7499 10.0
R -13353.5598 -4936.0681 10.0
R -13351.9981 -4932.3863 10.0
R -13350.4363 -4928.7045 10.0
R -13348.8746 -4925.0227 10.0
R -13347.3128 -4921.3409 10.0
R -13345.7511 -4917.6591 10.0
R -13344.1894 -4913.9773 10.0
R -13342.6276 -4910.2955 10.0
R -13341.0659 -4906.6137 10.0
R -13339.5041 -4902.9319 10.0
R -13337.9424 -4899.2501 10.0
R -13336.3806 -4895.5683 10.0
R -13334.8189 -4891.8865 10.0
R -13333.2571 -4888.2047 10.0
R -13331.6954 -4884.5229 10.0
R -13330.1336 -4880.8411 10.0
R -13328.5719 -4877.1593 10.0
R -13327.0101 -4873.4775 10.0
R -13325.4484 -4869.7957 10.0
R -13323.8866 -4866.1139 10.0
R -13322.3249 -4862.4321 10.0
R -13320.7631 -4858.7503 10.0
R -13319.2014 -4855.0685 10.0
R -13317.6396 -4851.3867 10.0
R -13316.0779 -4847.7049 10.0
R -13314.5162 -4844.0231 10.0
R -13312.9544 -4840.3413 10.0
R -13311.3927 -4836.6595 10.0
R -13309.8309 -4832.9777 10.0
R -13308.2692 -4829.2959 10.0
R -13306.7074 -4825.6140 10.0
R -13305.1457 -4821.9322 10.0
R -13303.5839 -4818.2504 10.0
R -13302.0222 -4814.5686 10.0
R -13300.4604 -4810.8868 10.0
R -13298.8987 -4807.2050 10.0
R -13297.3369 -4803.5232 10.0
R -13295.7752 -4799.8414 10.0
R -13294.2134 -4796.1596 10.0
R -13292.6517 -4792.4778 10.0
R -13291.0899 -4788.7960 10.0
R -13289.5282 -4785.1142 10.0
R -13287.9665 -4781.4324 10.0
R -13286.4047 -4777.7506 10.0
R -13284.8430 -4774.0688 10.0
R -13283.2812 -4770.3870 10.0
R -13281.7195 -4766.7052 10.0
R -13280.1577 -4763.0234 10.0
R -13278.5960 -4759.3416 10.0
R -13277.0342 -4755.6598 10.0
R -13275.4725 -4751.9780 10.0
R -13273.9107 -4748.2962 10.0
R -13272.3490 -4744.6144 10.0
R -13270.7872 -4740.9326 10.0
R -13269.2255 -4737.2508 10.0
R -13267.6637 -4733.5690 10.0
R -13266.1020 -4729.8872 10.0
R -13264.5402 -4726.2054 10.0
R -13262.9785 -4722.5236 10.0
R -13261.4167 -4718.8418 10.0
R -13259.8550 -4715.1600 10.0
R -13258.2963 -4711.4854 10.0
R -13256.7376 -4707.8108 10.0
R -13255.1789 -4704.1362 10.0
R -13253.6202 -4700.4616 10.0
R -13252.0615 -4696.7870 10.0
R -13250.5029 -4693.1124 10.0
R -13248.9442 -4689.4378 10.0
R -13247.3855 -4685.7632 10.0
R -13245.8268 -4682.0886 10.0
R -13244.2681 -4678.4140 10.0
R -13242.7094 -4674.7395 10.0
R -13241.1507 -4671.0649 10.0
R -13239.5920 -4667.3903 10.0
R -13238.0333 -4663.7157 10.0
R -13236.4746 -4660.0411 10.0
R -13234.9160 -4656.3665 10.0
R -13233.3573 -4652.6919 10.0
R -13231.7986 -4649.0173 10.0
R -13230.2399 -4645.3427 10.0
R -13228.6812 -4641.6681 10.0
R -13227.1225 -4637.9935 10.0
R -13225.5638 -4634.3189 10.0
R -13224.0051 -4630.6443 10.0
R -13222.4464 -4626.9697 10.0
R -13220.8877 -4623.2951 10.0
R -13219.3290 -4619.6205 10.0
R -13217.7704 -4615.9459 10.0
R -13216.2117 -4612.2713 10.0
R -13214.6530 -4608.5967 10.0
R -13213.0943 -4604.9221 10.0
R -13211.5356 -4601.2475 10.0
R -13209.9769 -4597.5730 10.0
R -13208.4182 -4593.8984 10.0
R -13206.8595 -4590.2238 10.0
R -13205.3008 -4586.5492 10.0
R -13203.7421 -4582.8746 10.0
R -13202.1835 -4579.2000 10.0
R -13200.6248 -4575.5254 10.0
R -13199.0661 -4571.8508 10.0
R -13197.5074 -4568.1762 10.0
R -13195.9487 -4564.5016 10.0
R -13194.3900 -4560.8270 10.0
R -13192.8313 -4557.1524 10.0
R -13191.2726 -4553.4778 10.0
R -13189.7139 -4549.8032 10.0
R -13188.1552 -4546.1286 10.0
R -13186.5965 -4542.4540 10.0
R -13185.0379 -4538.7794 10.0
R -13183.4792 -4535.1048 10.0
R -13181.9205 -4531.4302 10.0
R -13180.3618 -4527.7556 10.0
R -13178.8031 -4524.0810 10.0
R -13177.2444 -4520.4065 10.0
R -13175.6857 -4516.7319 10.0
R -13174.1270 -4513.0573 10.0
R -13172.5683 -4509.3827 10.0
R -13171.0096 -4505.7081 10.0
R -13169.4510 -4502.0335 10.0
R -13167.8923 -4498.3589 10.0
R -13166.3336 -4494.6843 10.0
R -13164.7749 -4491.0097 10.0
R -13163.2162 -4487.3351 10.0
R -13161.6575 -4483.6605 10.0
R -13160.0988 -4479.9859 10.0
R -13158.5401 -4476.3113 10.0
R -13156.9814 -4472.6367 10.0
R -13155.4227 -4468.9621 10.0
R -13153.8640 -4465.2875 10.0
R -13152.3054 -4461.6129 10.0
R -13150.7467 -4457.9383 10.0
R -13149.1880 -4454.2637 10.0
R -13147.6293 -4450.5891 10.0
R -13146.0706 -4446.9145 10.0
R -13144.5119 -4443.2400 10.0
R -13142.9532 -4439.5654 10.0
R -13141.3945 -4435.8908 10.0
R -13139.8358 -4432.2162 10.0
R -13138.2771 -4428.5416 10.0
R -13136.7185 -4424.8670 10.0
R -13135.1598 -4421.1924 10.0
R -13133.6011 -4417.5178 10.0
R -13132.0424 -4413.8432 10.0
R -13130.4837 -4410.1686 10.0
R -13128.9250 -4406.4940 10.0
R -13127.3663 -4402.8194 10.0
R -13125.8076 -4399.1448 10.0
R -13124.2489 -4395.4702 10.0
R -13122.6902 -4391.7956 10.0
R -13121.1315 -4388.1210 10.0
R -13119.5729 -4384.4464 10.0
R -13118.0142 -4380.7718 10.0
R -13116.4555 -4377.0972 10.0
R -13114.8968 -4373.4226 10.0
R -13113.3381 -4369.7480 10.0
R -13111.7794 -4366.0735 10.0
R -13110.2207 -4362.3989 10.0
R -13108.6620 -4358.7243 10.0
R -13107.1033 -4355.0497 10.0
R -13105.5446 -4351.3751 10.0
R -13103.9860 -4347.7005 10.0
R -13102.4273 -4344.0259 10.0
R -13100.8686 -4340.3513 10.0
R -13099.3099 -4336.6767 10.0
R -13097.7512 -4333.0021 10.0
R -13096.1925 -4329.3275 10.0
R -13094.6338 -4325.6529 10.0
R -13093.0751 -4321.9783 10.0
R -13091.5164 -4318.3037 10.0
R -13089.9577 -4314.6291 10.0
R -13088.3990 -4310.9545 10.0
R -13086.8404 -4307.2799 10.0
R -13085.2817 -4303.6053 10.0
R -13083.7230 -4299.9307 10.0
R -13082.1643 -4296.2561 10.0
R -13080.6056 -4292.5815 10.0
R -13079.0469 -4288.9070 10.0
R -13077.4882 -4285.2324 10.0
R -13075.9295 -4281.5578 10.0
R -13074.3708 -4277.8832 10.0
R -13072.8121 -4274.2086 10.0
R -13071.2535 -4270.5340 10.0
R -13069.6948 -4266.8594 10.0
R -13068.1361 -4263.1848 10.0
R -13066.5774 -4259.5102 10.0
R -13065.0187 -4255.8356 10.0
R -13063.4600 -4252.1610 10.0
R -13061.9013 -4248.4864 10.0
R -13060.3426 -4244.8118 10.0
R -13058.7839 -4241.1372 10.0
R -13057.2252 -4237.4626 10.0
R -13055.6665 -4233.7880 10.0
R -13054.1079 -4230.1134 10.0
R -13052.5492 -4226.4388 10.0
R -13050.9905 -4222.7642 10.0
R -13049.4318 -4219.0896 10.0
R -13047.8731 -4215.4150 10.0
R -13046.3144 -4211.7405 10.0
R -13044.7557 -4208.0659 10.0
R -13043.1970 -4204.3913 10.0
R -13041.6383 -4200.7167 10.0
R -13040.0796 -4197.0421 10.0
R -13038.5210 -4193.3675 10.0
R -13036.9623 -4189.6929 10.0
R -13035.4036 -4186.0183 10.0
R -13033.8449 -4182.3437 10.0
R -13032.2862 -4178.6691 10.0
R -13030.7275 -4174.9945 10.0
R -13029.1688 -4171.3199 10.0
R -13027.6101 -4167.6453 10.0
R -13026.0514 -4163.9707 10.0
R -13024.4927 -4160.2961 10.0
R -13022.9340 -4156.6215 10.0
R -13021.3754 -4152.9469 10.0
R -13019.8167 -4149.2723 10.0
R -13018.2580 -4145.5977 10.0
R -13016.6993 -4141.9231 10.0
R -13015.1406 -4138.2485 10.0
R -13013.5819 -4134.5740 10.0
R -13012.0232 -4130.8994 10.0
R -13010.4645 -4127.2248 10.0
R -13008.9058 -4123.5502 10.0
R -13007.3471 -4119.8756 10.0
R -13005.7885 -4116.2010 10.0
R -13004.2298 -4112.5264 10.0
R -13002.6711 -4108.8518 10.0
R -13001.1124 -4105.1772 10.0
R -12999.5537 -4101.5026 10.0
R -12997.9950 -4097.8280 10.0
R -12996.4363 -4094.1534 10.0
R -12994.8776 -4090.4788 10.0
R -12993.3189 -4086.8042 10.0
R -12991.7602 -4083.1296 10.0
R -12990.2015 -4079.4550 10.0
R -12988.6429 -4075.7804 10.0
R -12987.0842 -4072.1058 10.0
R -12985.5255 -4068.4312 10.0
R -12983.9668 -4064.7566 10.0
R -12982.4081 -4061.0820 10.0
R -12980.8494 -4057.4075 10.0
R -12979.2907 -4053.7329 10.0
R -12977.7320 -4050.0583 10.0
R -12976.1733 -4046.3837 10.0
R -12974.6146 -4042.7091 10.0
R -12973.0560 -4039.0345 10.0
R -12971.4973 -4035.3599 10.0
R -12969.9386 -4031.6853 10.0
R -12968.3799 -4028.0107 10.0
R -12966.8212 -4024.3361 10.0
R -12965.2625 -4020.6615 10.0
R -12963.7038 -4016.9869 10.0
R -12962.1451 -4013.3123 10.0
R -12960.5864 -4009.6377 10.0
R -12959.0277 -4005.9631 10.0
R -12957.4690 -4002.2885 10.0
R -12955.9104 -3998.6139 10.0
R -12954.3517 -3994.9393 10.0
R -12952.7930 -3991.2647 10.0
R -12951.2343 -3987.5901 10.0
R -12949.6756 -3983.9155 10.0
R -12948.1169 -3980.2410 10.0
R -12946.5582 -3976.5664 10.0
R -12944.9995 -3972.8918 10.0
R -12943.4408 -3969.2172 10.0
R -12941.8821 -3965.5426 10.0
R -12940.3235 -3961.8680 10.0
R -12938.7648 -3958.1934 10.0
R -12937.2061 -3954.5188 10.0
R -12935.6474 -3950.8442 10.0
R -12934.0887 -3947.1696 10.0
R -12932.5300 -3943.4950 10.0
R -12930.9713 -3939.8204 10.0
R -12929.4126 -3936.1458 10.0
R -12927.8539 -3932.4712 10.0
R -12926.2952 -3928.7966 10.0
R -12924.7365 -3925.1220 10.0
R -12923.1779 -3921.4474 10.0
R -12921.6192 -3917.7728 10.0
R -12920.0605 -3914.0982 10.0
R -12918.5018 -3910.4236 10.0
R -12916.9431 -3906.7490 10.0
R -12915.3844 -3903.0745 10.0
R -12913.8257 -3899.3999 10.0
R -12912.2670 -3895.7253 10.0
R -12910.7083 -3892.0507 10.0
R -12909.1496 -3888.3761 10.0
R -12907.5910 -3884.7015 10.0
R -12906.0323 -3881.0269 10.0
R -12904.4736 -3877.3523 10.0
R -12902.9149 -3873.6777 10.0
R -12901.3562 -3870.0031 10.0
R -12899.7975 -3866.3285 10.0
R -12898.2388 -3862.6539 10.0
R -12896.6801 -3858.9793 10.0
R -12895.1214 -3855.3047 10.0
R -12893.5627 -3851.6301 10.0
R -12892.0040 -3847.9555 10.0
R -12890.4454 -3844.2809 10.0
R -12888.8867 -3840.6063 10.0
R -12887.3280 -3836.9317 10.0
R -12885.7693 -3833.2571 10.0
R -12884.2106 -3829.5825 10.0
R -12882.6519 -3825.9080 10.0
R -12881.0932 -3822.2334 10.0
R -12879.5345 -3818.5588 10.0
R -12877.9758 -3814.8842 10.0
R -12876.4171 -3811.2096 10.0
R -12874.8585 -3807.5350 10.0
R -12873.2998 -3803.8604 10.0
R -12871.7411 -3800.1858 10.0
R -12870.1824 -3796.5112 10.0
R -12868.6237 -3792.8366 10.0
R -12867.0650 -3789.1620 10.0
R -12865.5063 -3785.4874 10.0
R -12863.9476 -3781.8128 10.0
R -12862.3889 -3778.1382 10.0
R -12860.8302 -3774.4636 10.0
R -12859.2715 -3770.7890 10.0
R -12857.7129 -3767.1144 10.0
R -12856.1542 -3763.4398 10.0
R -12854.5955 -3759.7652 10.0
R -12853.0368 -3756.0906 10.0
R -12851.4781 -3752.4160 10.0
R -12849.9194 -3748.7415 10.0
R -12848.3607 -3745.0669 10.0
R -12846.8020 -3741.3923 10.0
R -12845.2433 -3737.7177 10.0
R -12843.6846 -3734.0431 10.0
R -12842.1260 -3730.3685 10.0
R -12840.5673 -3726.6939 10.0
R -12839.0086 -3723.0193 10.0
R -12837.4499 -3719.3447 10.0
R -12835.8912 -3715.6701 10.0
R -12834.3325 -3711.9955 10.0
R -12832.7738 -3708.3209 10.0
R -12831.2151 -3704.6463 10.0
R -12829.6564 -3700.9717 10.0
R -12828.0977 -3697.2971 10.0
R -12826.5390 -3693.6225 10.0
R -12824.9804 -3689.9479 10.0
R -12823.4217 -3686.2733 10.0
R -12821.8630 -3682.5987 10.0
R -12820.3043 -3678.9241 10.0
R -12818.7456 -3675.2495 10.0
R -12817.1869 -3671.5750 10.0
R -12815.6282 -3667.9004 10.0
R -12814.0695 -3664.2258 10.0
R -12812.5108 -3660.5512 10.0
R -12810.9521 -3656.8766 10.0
R -12809.3935 -3653.2020 10.0
R -12807.8348 -3649.5274 10.0
R -12806.2761 -3645.8528 10.0
R -12804.7174 -3642.1782 10.0
R -12803.1587 -3638.5036 10.0
R -12801.6000 -3634.8290 10.0
R -12800.0413 -3631.1544 10.0
R -12798.4826 -3627.4798 10.0
R -12796.9239 -3623.8052 10.0
R -12795.3652 -3620.1306 10.0
R -12793.8065 -3616.4560 10.0
R -12792.2479 -3612.7814 10.0
R -12790.6892 -3609.1068 10.0
R -12789.1305 -3605.4322 10.0
R -12787.5718 -3601.7576 10.0
R -12786.0131 -3598.0830 10.0
R -12784.4544 -3594.4085 10.0
R -12782.8957 -3590.7339 10.0
R -12781.3370 -3587.0593 10.0
R -12779.7783 -3583.3847 10.0
R -12778.2196 -3579.7101 10.0
R -12776.6610 -3576.0355 10.0
R -12775.1023 -3572.3609 10.0
R -12773.5436 -3568.6863 10.0
R -12771.9849 -3565.0117 10.0
R -12770.4262 -3561.3371 10.0
R -12768.8675 -3557.6625 10.0
R -12767.3088 -3553.9879 10.0
R -12765.7501 -3550.3133 10.0
R -12764.1914 -3546.6387 10.0
R -12762.6327 -3542.9641 10.0
R -12761.0740 -3539.2895 10.0
R -12759.5154 -3535.6149 10.0
R -12757.9567 -3531.9403 10.0
R -12756.3980 -3528.2657 10.0
R -12754.8393 -3524.5911 10.0
R -12753.2806 -3520.9165 10.0
R -12751.7219 -3517.2420 10.0
R -12750.1632 -3513.5674 10.0
R -12748.6045 -3509.8928 10.0
R -12747.0458 -3506.2182 10.0
R -12745.4871 -3502.5436 10.0
R -12743.9285 -3498.8690 10.0
R -12742.3698 -3495.1944 10.0
R -12740.8111 -3491.5198 10.0
R -12739.2524 -3487.8452 10.0
R -12737.6937 -3484.1706 10.0
R -12736.1350 -3480.4960 10.0
R -12734.5763 -3476.8214 10.0
R -12733.0176 -3473.1468 10.0
R -12731.4589 -3469.4722 10.0
R -12729.9002 -3465.7976 10.0
R -12728.3415 -3462.1230 10.0
R -12726.7829 -3458.4484 10.0
R -12725.2242 -3454.7738 10.0
R -12723.6655 -3451.0992 10.0
R -12722.1068 -3447.4246 10.0
R -12720.5481 -3443.7500 10.0
R -12718.9894 -3440.0755 10.0
R -12717.4307 -3436.4009 10.0
R -12715.8720 -3432.7263 10.0
R -12714.3133 -3429.0517 10.0
R -12712.7546 -3425.3771 10.0
R -12711.1960 -3421.7025 10.0
R -12709.6373 -3418.0279 10.0
R -12708.0786 -3414.3533 10.0
R -12706.5199 -3410.6787 10.0
R -12704.9612 -3407.0041 10.0
R -12703.4025 -3403.3295 10.0
R -12701.8438 -3399.6549 10.0
R -12700.2851 -3395.9803 10.0
R -12698.7264 -3392.3057 10.0
R -12697.1677 -3388.6311 10.0
R -12695.6090 -3384.9565 10.0
R -12694.0504 -3381.2819 10.0
R -12692.4917 -3377.6073 10.0
R -12690.9330 -3373.9327 10.0
R -12689.3743 -3370.2581 10.0
R -12687.8156 -3366.5835 10.0
R -12686.2569 -3362.9090 10.0
R -12684.6982 -3359.2344 10.0
R -12683.1395 -3355.5598 10.0
R -12681.5808 -3351.8852 10.0
R -12680.0221 -3348.2106 10.0
R -12678.4635 -3344.5360 10.0
R -12676.9048 -3340.8614 10.0
R -12675.3461 -3337.1868 10.0
R -12673.7874 -3333.5122 10.0
R -12672.2287 -3329.8376 10.0
R -12670.6700 -3326.1630 10.0
R -12669.1113 -3322.4884 10.0
R -12667.5526 -3318.8138 10.0
R -12665.9939 -3315.1392 10.0
R -12664.4352 -3311.4646 10.0
R -12662.8765 -3307.7900 10.0
R -12661.3179 -3304.1154 10.0
R -12659.7592 -3300.4408 10.0
R -12658.2005 -3296.7662 10.0
R -12656.6418 -3293.0916 10.0
R -12655.0831 -3289.4170 10.0
R -12653.5244 -3285.7425 10.0
R -12651.9657 -3282.0679 10.0
R -12650.4070 -3278.3933 10.0
R -12648.8483 -3274.7187 10.0
R -12647.2896 -3271.0441 10.0
R -12645.7310 -3267.3695 10.0
R -12644.1723 -3263.6949 10.0
R -12642.6136 -3260.0203 10.0
R -12641.0549 -3256.3457 10.0
R -12639.4962 -3252.6711 10.0
R -12637.9375 -3248.9965 10.0
R -12636.3788 -3245.3219 10.0
R -12634.8201 -3241.6473 10.0
R -12633.2614 -3237.9727 10.0
R -12631.7027 -3234.2981 10.0
R -12630.1440 -3230.6235 10.0
R -12628.5854 -3226.9489 10.0
R -12627.0267 -3223.2743 10.0
R -12625.4680 -3219.5997 10.0
R -12623.9093 -3215.9251 10.0
R -12622.3506 -3212.2505 10.0
R -12620.7919 -3208.5760 10.0
R -12619.2332 -3204.9014 10.0
R -12617.6745 -3201.2268 10.0
R -12616.1158 -3197.5522 10.0
R -12614.5571 -3193.8776 10.0
R -12612.9985 -3190.2030 10.0
R -12611.4398 -3186.5284 10.0
R -12609.8811 -3182.8538 10.0
R -12608.3224 -3179.1792 10.0
R -12606.7637 -3175.5046 10.0
R -12605.2050 -3171.8300 10.0
R -12603.1523 -3172.7007 10.0
R -12604.6477 -3176.2262 10.0
R -12606.1431 -3179.7516 10.0
R -12607.6385 -3183.2771 10.0
R -12609.1339 -3186.8025 10.0
R -12610.6293 -3190.3280 10.0
TAKEOFF -12610.6293 -3190.3280 70.222 76.909 10
CLIMB 0 10 90 1 1
CLIMB 1000 180 150 0 0
CLIMB 3000 300 220 0 0
NODE -13910.4250 -6260.4050
NODE -13910.1881 -6259.8465
NODE -13255.7000 -4716.8875
NODE -12600.9750 -3173.3700
NODE -12600.7234 -3172.6785
NODE -12533.0500 -2986.6775
NODE -12465.1250 -2799.9850
NODE -12409.7875 -2597.7875
NODE -12354.4500 -2395.5900
NODE -13914.5050 -6258.4900
NODE -13259.8550 -4715.1600
NODE -12605.2050 -3171.8300
NODE -12537.3125 -2985.2275
NODE -12469.4200 -2798.6250
NODE -12414.1400 -2596.6475
NODE -12358.8600 -2394.6700
NODE -14298.3788 -7009.2360
NODE -14105.3000 -6634.1100
NODE -13912.4985 -6259.5227
NODE -13912.4520 -6259.4323
NODE -13912.2212 -6258.9840
NODE -13912.6606 -6259.9241
NODE -13257.7400 -4715.9200
NODE -12603.1523 -3172.7007
NODE -12602.8194 -3171.9159
NODE -12610.6293 -3190.3280
NODE -12615.8875 -3197.0139
NODE -13875.1834 -6165.7899
EDGE 0 1
EDGE 1 2
EDGE 2 3
EDGE 3 4
EDGE 4 5
EDGE 5 6
EDGE 6 7
EDGE 7 8
EDGE 9 10
EDGE 10 11
EDGE 11 12
EDGE 12 13
EDGE 13 14
EDGE 14 15
EDGE 16 17
EDGE 17 18
EDGE 18 19
EDGE 19 20
EDGE 18 21
EDGE 19 22
EDGE 22 23
EDGE 23 24
EDGE 3 11
EDGE 6 13
EDGE 8 15
EDGE 1 20
EDGE 9 18
EDGE 0 18
EDGE 11 23
EDGE 4 24
EDGE 22 25
EDGE 23 25
EDGE 10 26
EDGE 11 26
EDGE 9 27
EDGE 10 27
