# Generated from current Luavi geometry; rerun generate_land_airfields.py after layout edits.
GENERATED 0 00000035.fld
HOLD -35714.3845 -14157.7827
RUNWAY -33929.7819 -14272.2580 328.60085 1398.2728 23.5622
TOUCHDOWN 20 10 300
TOUCHDOWN_SPEED 70.222
APPROACH FINAL
A -30282.8036 -20247.1680 76.200 230.000 0 0 0 1542.588 230.000 0 0 0
A -30308.8534 -20204.4901 76.200 230.000 0 0 0 1521.773 230.000 0 0 0
A -30334.9032 -20161.8121 76.200 230.000 0 0 0 1501.108 230.000 0 0 0
A -30360.9531 -20119.1342 76.200 230.000 0 0 0 1480.591 230.000 0 0 0
A -30387.0029 -20076.4563 76.200 230.000 0 0 0 1460.223 230.000 0 0 0
A -30413.0528 -20033.7784 76.200 230.000 0 0 0 1440.004 230.000 0 0 0
A -30439.1026 -19991.1004 76.200 230.000 0 0 0 1419.933 230.000 0 0 0
A -30465.1525 -19948.4225 76.200 230.000 0 0 0 1400.012 230.000 0 0 0
A -30491.2023 -19905.7446 76.200 230.000 0 0 0 1380.239 230.000 0 0 0
A -30517.2522 -19863.0667 76.200 230.000 0 0 0 1360.615 230.000 0 0 0
A -30543.3020 -19820.3887 76.200 230.000 0 0 0 1341.139 230.000 0 0 0
A -30569.3519 -19777.7108 76.200 230.000 0 0 0 1321.813 230.000 0 0 0
A -30595.4017 -19735.0329 76.200 230.000 0 0 0 1302.635 230.000 0 0 0
A -30621.4515 -19692.3549 76.200 230.000 0 0 0 1283.606 230.000 0 0 0
A -30647.5014 -19649.6770 76.200 230.000 0 0 0 1264.726 230.000 0 0 0
A -30673.5512 -19606.9991 76.200 230.000 0 0 0 1245.995 230.000 0 0 0
A -30699.6011 -19564.3212 76.200 230.000 0 0 0 1227.412 230.000 0 0 0
A -30725.6509 -19521.6432 76.200 230.000 0 0 0 1208.978 230.000 0 0 0
A -30751.7008 -19478.9653 76.200 230.000 0 0 0 1190.693 230.000 0 0 0
A -30777.7506 -19436.2874 76.200 230.000 0 0 0 1172.557 230.000 0 0 0
A -30803.8005 -19393.6094 76.200 230.000 0 0 0 1154.569 230.000 0 0 0
A -30829.8503 -19350.9315 76.200 230.000 0 0 0 1136.731 230.000 0 0 0
A -30855.9001 -19308.2536 76.200 230.000 0 0 0 1119.041 230.000 0 0 0
A -30881.9500 -19265.5757 76.200 230.000 0 0 0 1101.500 230.000 0 0 0
A -30907.9998 -19222.8977 76.200 230.000 0 0 0 1084.107 230.000 0 0 0
A -30934.0497 -19180.2198 76.200 230.000 0 0 0 1066.864 230.000 0 0 0
A -30960.0995 -19137.5419 76.200 230.000 0 0 0 1049.769 230.000 0 0 0
A -30986.1494 -19094.8639 76.200 230.000 0 0 0 1032.823 230.000 0 0 0
A -31012.1992 -19052.1860 76.200 230.000 0 0 0 1016.025 230.000 0 0 0
A -31038.2491 -19009.5081 76.200 230.000 0 0 0 999.377 230.000 0 0 0
A -31064.2989 -18966.8302 76.200 230.000 0 0 0 982.877 230.000 0 0 0
A -31090.3488 -18924.1522 76.200 228.803 0 0 0 966.526 228.803 0 0 0
A -31116.3986 -18881.4743 76.200 226.807 0 0 0 950.324 226.807 0 0 0
A -31142.4484 -18838.7964 76.200 224.811 0 0 0 934.271 224.811 0 0 0
A -31168.4983 -18796.1184 76.200 222.815 0 0 0 918.366 222.815 0 0 0
A -31194.5481 -18753.4405 76.200 220.819 0 0 0 902.610 220.819 0 0 0
A -31220.5980 -18710.7626 76.200 218.824 0 0 0 887.003 218.824 0 0 0
A -31246.6478 -18668.0847 76.200 216.828 0 0 0 871.545 216.828 0 0 0
A -31272.6977 -18625.4067 76.200 214.832 0 0 0 856.236 214.832 0 0 0
A -31298.7475 -18582.7288 76.200 212.836 0 0 0 841.075 212.836 0 0 0
A -31324.7974 -18540.0509 76.200 210.840 0 0 0 826.063 210.840 0 0 0
A -31350.8472 -18497.3729 76.200 208.845 0 0 0 811.200 208.845 0 0 0
A -31376.8971 -18454.6950 76.200 206.849 0 0 0 796.486 206.849 0 0 0
A -31402.9469 -18412.0171 76.200 204.853 0 0 0 781.920 204.853 0 0 0
A -31428.9967 -18369.3392 76.200 202.857 0 0 0 767.503 202.857 0 0 0
A -31455.0466 -18326.6612 76.200 200.861 0 0 0 753.235 200.861 0 0 0
A -31481.0964 -18283.9833 76.200 198.866 0 0 0 739.116 198.866 0 0 0
A -31507.1463 -18241.3054 76.200 196.870 0 0 0 725.146 196.870 0 0 0
A -31533.1961 -18198.6274 76.200 194.874 0 0 0 711.324 194.874 0 0 0
A -31559.2460 -18155.9495 76.200 192.878 0 0 0 697.651 192.878 0 0 0
A -31585.2958 -18113.2716 76.200 190.882 0 0 0 684.127 190.882 0 0 0
A -31611.3457 -18070.5937 76.200 188.887 0 0 0 670.752 188.887 0 0 0
A -31637.3955 -18027.9157 76.200 186.891 0 0 0 657.525 186.891 0 0 0
A -31663.4453 -17985.2378 76.200 184.895 0 0 0 644.447 184.895 0 0 0
A -31689.4952 -17942.5599 76.200 182.899 0 0 0 631.518 182.899 0 0 0
A -31715.5450 -17899.8819 76.200 180.903 0 0 0 618.738 180.903 0 0 0
A -31741.5949 -17857.2040 76.200 178.908 0 0 0 606.107 178.908 0 0 0
A -31767.6447 -17814.5261 76.200 176.912 0 0 0 593.624 176.912 0 0 0
A -31793.6946 -17771.8482 76.200 174.916 0 0 0 581.290 174.916 0 0 0
A -31819.7444 -17729.1702 76.200 172.920 0 0 0 569.105 172.920 0 0 0
A -31845.7943 -17686.4923 76.200 170.924 0 0 0 557.069 170.924 0 0 0
A -31871.8441 -17643.8144 76.200 168.929 0 0 0 545.181 168.929 0 0 0
A -31897.8940 -17601.1364 76.200 166.933 0 0 0 533.443 166.933 0 0 0
A -31923.9438 -17558.4585 76.200 164.937 0 0 0 521.853 164.937 0 0 0
A -31949.9936 -17515.7806 76.200 162.941 0 0 0 510.411 162.941 0 0 0
A -31976.0435 -17473.1027 76.200 160.945 0 0 0 499.119 160.945 0 0 0
A -32002.0933 -17430.4247 76.200 158.950 0 0 0 487.975 158.950 0 0 0
A -32028.1432 -17387.7468 76.200 156.954 0 0 0 476.981 156.954 0 0 0
A -32054.1930 -17345.0689 76.200 154.958 0 0 0 466.135 154.958 0 0 0
A -32080.2429 -17302.3909 76.200 152.962 0 0 0 455.437 152.962 0 0 0
A -32106.2927 -17259.7130 76.200 150.966 0 0 0 444.889 150.966 0 0 0
A -32132.3426 -17217.0351 76.200 148.971 0 0 0 434.489 148.971 0 0 0
A -32158.3924 -17174.3572 76.200 146.975 0 0 0 424.238 146.975 0 0 0
A -32184.4422 -17131.6792 76.200 144.979 0 0 0 414.136 144.979 0 0 0
A -32210.4921 -17089.0013 76.200 142.983 0 0 0 404.183 142.983 0 0 0
A -32236.5419 -17046.3234 76.200 140.987 0 0 0 394.378 140.987 0 0 0
A -32262.5918 -17003.6455 76.200 138.992 0 0 0 384.722 138.992 0 0 0
A -32288.6416 -16960.9675 76.200 136.996 0 1 0 375.215 136.996 0 1 0
A -32314.6915 -16918.2896 76.200 135.000 0 1 0 365.857 135.000 0 1 0
A -32340.7413 -16875.6117 76.200 133.004 0 1 0 356.647 133.004 0 1 0
A -32366.7912 -16832.9337 76.200 131.008 0 1 0 347.587 131.008 0 1 0
A -32392.8410 -16790.2558 76.200 129.013 0 1 0 338.675 129.013 0 1 0
A -32418.8909 -16747.5779 76.200 127.017 0 1 0 329.912 127.017 0 1 0
A -32444.9407 -16704.9000 76.200 125.021 0 1 0 321.297 125.021 0 1 0
A -32470.9905 -16662.2220 76.200 123.025 0 1 0 312.832 123.025 0 1 0
A -32497.0404 -16619.5441 76.200 121.029 0 1 0 304.515 121.029 0 1 0
A -32523.0902 -16576.8662 76.200 119.034 0 1 0 296.347 119.034 0 1 0
A -32549.1401 -16534.1882 76.200 117.038 1 1 0 288.328 117.038 1 1 0
A -32575.1899 -16491.5103 76.200 115.042 1 1 0 280.457 115.042 1 1 0
A -32601.2398 -16448.8324 76.200 113.046 1 1 0 272.735 113.046 1 1 0
A -32627.2896 -16406.1545 76.200 111.051 1 1 0 265.163 111.051 1 1 0
A -32653.3395 -16363.4765 76.200 109.055 1 1 0 257.738 109.055 1 1 0
A -32679.3893 -16320.7986 76.200 107.059 1 1 0 250.463 107.059 1 1 0
A -32705.4392 -16278.1207 76.200 105.063 1 1 0 243.336 105.063 1 1 0
A -32731.4890 -16235.4427 76.200 103.067 1 1 0 236.359 103.067 1 1 0
A -32757.5388 -16192.7648 76.200 101.072 1 1 0 229.530 101.072 1 1 0
A -32783.5887 -16150.0869 76.200 99.076 1 1 0 222.849 99.076 1 1 0
A -32809.6385 -16107.4090 76.200 97.080 1 1 0 216.318 97.080 1 1 0
A -32835.6884 -16064.7310 76.200 95.084 1 1 0 209.935 95.084 1 1 0
A -32861.7382 -16022.0531 76.200 93.088 1 1 0 203.701 93.088 1 1 0
A -32887.7881 -15979.3752 76.200 91.093 1 1 0 197.616 91.093 1 1 0
A -32913.8379 -15936.6972 76.200 89.097 1 1 0 191.680 89.097 1 1 0
A -32939.8878 -15894.0193 76.200 87.101 1 1 0 185.893 87.101 1 1 0
A -32965.9376 -15851.3414 76.200 85.105 1 1 0 180.254 85.105 1 1 0
A -32991.9874 -15808.6635 76.200 83.109 1 1 0 174.764 83.109 1 1 0
A -33018.0373 -15765.9855 76.200 82.311 1 1 0 169.423 82.311 1 1 0
A -33044.0871 -15723.3076 76.200 82.311 1 1 0 164.230 82.311 1 1 0
A -33070.1370 -15680.6297 76.200 82.311 1 1 0 159.187 82.311 1 1 0
A -33096.1868 -15637.9517 76.200 82.311 1 1 0 154.292 82.311 1 1 0
A -33122.2367 -15595.2738 76.200 82.311 1 1 0 149.546 82.311 1 1 0
A -33148.2865 -15552.5959 76.200 82.311 1 1 0 144.948 82.311 1 1 0
A -33174.3364 -15509.9180 76.200 82.311 1 1 0 140.500 82.311 1 1 0
A -33200.3862 -15467.2400 76.200 82.311 1 1 0 136.200 82.311 1 1 0
A -33226.4361 -15424.5621 74.299 82.311 1 1 0 130.148 82.311 1 1 0
A -33252.4859 -15381.8842 71.678 82.311 1 1 0 123.525 82.311 1 1 0
A -33278.5357 -15339.2062 69.058 82.311 1 1 0 117.051 82.311 1 1 0
A -33304.5856 -15296.5283 66.437 82.311 1 1 0 110.726 82.311 1 1 0
A -33330.6354 -15253.8504 63.817 82.311 1 1 0 104.550 82.311 1 1 0
A -33356.6853 -15211.1725 61.197 82.311 1 1 0 98.523 82.311 1 1 0
A -33382.7351 -15168.4945 58.576 82.311 1 1 0 92.644 82.311 1 1 0
A -33408.7850 -15125.8166 55.956 82.311 1 1 0 86.914 82.311 1 1 0
A -33434.8348 -15083.1387 53.336 82.311 1 1 0 81.333 82.311 1 1 0
A -33460.8847 -15040.4607 50.715 82.311 1 1 0 75.901 82.311 1 1 0
A -33486.9345 -14997.7828 48.095 82.311 1 1 0 70.617 82.311 1 1 0
A -33512.9843 -14955.1049 45.474 82.311 1 1 0 65.482 82.311 1 1 0
A -33539.0342 -14912.4270 42.854 82.311 1 1 0 60.496 82.311 1 1 0
A -33565.0840 -14869.7490 40.234 82.311 1 1 0 55.659 82.311 1 1 0
A -33591.1339 -14827.0711 37.613 82.311 1 1 0 50.971 82.311 1 1 0
A -33617.1837 -14784.3932 34.993 82.311 1 1 0 46.431 82.311 1 1 0
A -33643.2336 -14741.7152 32.372 82.311 1 1 0 42.040 82.311 1 1 0
A -33669.2834 -14699.0373 29.752 82.311 1 1 0 37.798 82.311 1 1 0
A -33695.3333 -14656.3594 27.132 82.311 1 1 0 33.705 82.311 1 1 0
A -33721.3831 -14613.6815 24.511 82.311 1 1 0 29.760 82.311 1 1 0
A -33747.4330 -14571.0035 21.891 82.311 1 1 0 25.964 82.311 1 1 0
A -33773.4828 -14528.3256 19.270 82.311 1 1 0 22.318 82.311 1 1 0
A -33799.5326 -14485.6477 16.650 82.311 1 1 0 18.819 82.311 1 1 0
A -33825.5825 -14442.9697 14.030 82.311 1 1 0 15.470 82.311 1 1 0
A -33851.6323 -14400.2918 11.409 82.311 1 1 0 12.269 82.311 1 1 0
A -33877.6822 -14357.6139 8.789 82.311 1 1 0 9.217 82.311 1 1 0
A -33903.7320 -14314.9360 6.169 82.311 1 1 0 6.314 82.311 1 1 0
A -33929.7819 -14272.2580 3.548 82.311 1 1 0 3.560 82.311 1 1 0
A -33955.8317 -14229.5801 2.500 82.311 1 1 0 2.500 82.311 1 1 0
A -33981.8816 -14186.9022 2.500 82.311 1 1 0 2.500 82.311 1 1 0
REARM FUELTANK1_37055 -34167.3338 -13698.2421 328.528 -34119.8400 -13669.1700
ROUTE FUELTANK1_37055 IN
R -33940.2018 -14255.1869 10.0
R -33941.8244 -14252.5285 10.0
R -33943.4470 -14249.8702 10.0
R -33945.0696 -14247.2119 10.0
R -33946.6480 -14244.6260 10.0
R -33948.2264 -14242.0401 10.0
R -33949.8047 -14239.4542 10.0
R -33951.3831 -14236.8683 10.0
R -33953.4640 -14233.4592 10.0
R -33955.5448 -14230.0501 10.0
R -33957.6257 -14226.6410 10.0
R -33959.7066 -14223.2319 10.0
R -33961.7874 -14219.8227 10.0
R -33963.8683 -14216.4136 10.0
R -33965.9492 -14213.0045 10.0
R -33968.0300 -14209.5954 10.0
R -33970.1109 -14206.1863 10.0
R -33972.1918 -14202.7772 10.0
R -33974.2726 -14199.3680 10.0
R -33976.3535 -14195.9589 10.0
R -33978.4343 -14192.5498 10.0
R -33980.5152 -14189.1407 10.0
R -33982.5961 -14185.7316 10.0
R -33984.6769 -14182.3225 10.0
R -33986.7578 -14178.9134 10.0
R -33988.8387 -14175.5042 10.0
R -33990.9195 -14172.0951 10.0
R -33993.0004 -14168.6860 10.0
R -33995.0812 -14165.2769 10.0
R -33997.1621 -14161.8678 10.0
R -33999.2430 -14158.4587 10.0
R -34001.3238 -14155.0495 10.0
R -34003.4047 -14151.6404 10.0
R -34005.4856 -14148.2313 10.0
R -34007.5664 -14144.8222 10.0
R -34009.6473 -14141.4131 10.0
R -34011.7282 -14138.0040 10.0
R -34013.8090 -14134.5948 10.0
R -34015.8899 -14131.1857 10.0
R -34017.9707 -14127.7766 10.0
R -34020.0516 -14124.3675 10.0
R -34022.1325 -14120.9584 10.0
R -34024.2133 -14117.5493 10.0
R -34026.2942 -14114.1402 10.0
R -34028.3751 -14110.7310 10.0
R -34030.4559 -14107.3219 10.0
R -34032.5368 -14103.9128 10.0
R -34034.6177 -14100.5037 10.0
R -34036.6985 -14097.0946 10.0
R -34038.7794 -14093.6855 10.0
R -34040.8602 -14090.2763 10.0
R -34042.9411 -14086.8672 10.0
R -34045.0220 -14083.4581 10.0
R -34047.1028 -14080.0490 10.0
R -34049.1837 -14076.6399 10.0
R -34051.2646 -14073.2308 10.0
R -34053.3454 -14069.8216 10.0
R -34055.4263 -14066.4125 10.0
R -34057.5072 -14063.0034 10.0
R -34059.5880 -14059.5943 10.0
R -34061.6689 -14056.1852 10.0
R -34063.7497 -14052.7761 10.0
R -34065.8306 -14049.3670 10.0
R -34067.9115 -14045.9578 10.0
R -34069.9923 -14042.5487 10.0
R -34072.0732 -14039.1396 10.0
R -34074.1541 -14035.7305 10.0
R -34076.2349 -14032.3214 10.0
R -34078.3158 -14028.9123 10.0
R -34080.3966 -14025.5031 10.0
R -34082.4775 -14022.0940 10.0
R -34084.5584 -14018.6849 10.0
R -34086.6392 -14015.2758 10.0
R -34088.7201 -14011.8667 10.0
R -34090.8010 -14008.4576 10.0
R -34092.8818 -14005.0485 10.0
R -34094.9627 -14001.6393 10.0
R -34097.0436 -13998.2302 10.0
R -34099.1244 -13994.8211 10.0
R -34101.2053 -13991.4120 10.0
R -34103.2861 -13988.0029 10.0
R -34105.3670 -13984.5938 10.0
R -34107.4479 -13981.1846 10.0
R -34109.5287 -13977.7755 10.0
R -34111.6096 -13974.3664 10.0
R -34113.6905 -13970.9573 10.0
R -34115.7713 -13967.5482 10.0
R -34117.8522 -13964.1391 10.0
R -34119.9331 -13960.7299 10.0
R -34122.0139 -13957.3208 10.0
R -34124.0948 -13953.9117 10.0
R -34126.1756 -13950.5026 10.0
R -34128.2565 -13947.0935 10.0
R -34130.3374 -13943.6844 10.0
R -34132.4182 -13940.2753 10.0
R -34134.4991 -13936.8661 10.0
R -34136.5800 -13933.4570 10.0
R -34138.6608 -13930.0479 10.0
R -34140.7417 -13926.6388 10.0
R -34142.8225 -13923.2297 10.0
R -34144.9034 -13919.8206 10.0
R -34146.9843 -13916.4114 10.0
R -34149.0651 -13913.0023 10.0
R -34151.1460 -13909.5932 10.0
R -34153.2269 -13906.1841 10.0
R -34155.3077 -13902.7750 10.0
R -34157.3886 -13899.3659 10.0
R -34159.4695 -13895.9567 10.0
R -34161.5503 -13892.5476 10.0
R -34163.6312 -13889.1385 10.0
R -34165.7120 -13885.7294 10.0
R -34167.7929 -13882.3203 10.0
R -34169.8738 -13878.9112 10.0
R -34171.9546 -13875.5021 10.0
R -34174.0355 -13872.0929 10.0
R -34176.1164 -13868.6838 10.0
R -34178.1972 -13865.2747 10.0
R -34180.2781 -13861.8656 10.0
R -34182.3590 -13858.4565 10.0
R -34184.4398 -13855.0474 10.0
R -34186.5207 -13851.6382 10.0
R -34188.6015 -13848.2291 10.0
R -34190.6824 -13844.8200 10.0
R -34192.7633 -13841.4109 10.0
R -34194.8441 -13838.0018 10.0
R -34196.9250 -13834.5927 10.0
R -34199.0059 -13831.1835 10.0
R -34201.0867 -13827.7744 10.0
R -34203.1676 -13824.3653 10.0
R -34205.2484 -13820.9562 10.0
R -34207.3293 -13817.5471 10.0
R -34209.4102 -13814.1380 10.0
R -34211.4910 -13810.7289 10.0
R -34213.5719 -13807.3197 10.0
R -34215.6528 -13803.9106 10.0
R -34217.7336 -13800.5015 10.0
R -34219.8145 -13797.0924 10.0
R -34221.8954 -13793.6833 10.0
R -34223.9762 -13790.2742 10.0
R -34221.0474 -13788.4865 10.0
R -34218.1187 -13786.6988 10.0
R -34217.3858 -13783.3092 10.0
R -34216.6529 -13779.9196 10.0
R -34215.9200 -13776.5300 10.0
R -34215.1871 -13773.1404 10.0
R -34214.4542 -13769.7508 10.0
R -34213.7213 -13766.3612 10.0
R -34210.5068 -13764.0066 10.0
R -34207.2923 -13761.6519 10.0
R -34204.0778 -13759.2973 10.0
R -34200.8633 -13756.9427 10.0
R -34197.6488 -13754.5881 10.0
R -34194.4343 -13752.2334 10.0
R -34191.2198 -13749.8788 10.0
R -34188.0052 -13747.5242 10.0
R -34184.7907 -13745.1696 10.0
R -34181.5762 -13742.8149 10.0
R -34178.3617 -13740.4603 10.0
R -34175.1472 -13738.1057 10.0
R -34171.9327 -13735.7511 10.0
R -34168.7182 -13733.3965 10.0
R -34165.5037 -13731.0418 10.0
R -34164.8158 -13727.8412 10.0
R -34164.1279 -13724.6406 10.0
R -34163.4400 -13721.4400 10.0
R -34162.7521 -13718.2394 10.0
R -34162.0642 -13715.0388 10.0
R -34161.3763 -13711.8382 10.0
R -34159.6560 -13710.7851 10.0
R -34161.5754 -13707.6494 10.0
R -34163.4949 -13704.5136 10.0
R -34165.4144 -13701.3778 10.0
R -34167.3338 -13698.2421 10.0
ROUTE FUELTANK1_37055 OUT
R -34167.3338 -13698.2421 10.0
R -34165.4144 -13701.3778 10.0
R -34163.4949 -13704.5136 10.0
R -34161.5754 -13707.6494 10.0
R -34159.6560 -13710.7851 10.0
R -34161.3763 -13711.8382 10.0
R -34162.0642 -13715.0388 10.0
R -34162.7521 -13718.2394 10.0
R -34163.4400 -13721.4400 10.0
R -34164.1279 -13724.6406 10.0
R -34164.8158 -13727.8412 10.0
R -34165.5037 -13731.0418 10.0
R -34168.7182 -13733.3965 10.0
R -34171.9327 -13735.7511 10.0
R -34175.1472 -13738.1057 10.0
R -34178.3617 -13740.4603 10.0
R -34181.5762 -13742.8149 10.0
R -34184.7907 -13745.1696 10.0
R -34188.0052 -13747.5242 10.0
R -34191.2198 -13749.8788 10.0
R -34194.4343 -13752.2334 10.0
R -34197.6488 -13754.5881 10.0
R -34200.8633 -13756.9427 10.0
R -34204.0778 -13759.2973 10.0
R -34207.2923 -13761.6519 10.0
R -34210.5068 -13764.0066 10.0
R -34213.7213 -13766.3612 10.0
R -34214.4542 -13769.7508 10.0
R -34215.1871 -13773.1404 10.0
R -34215.9200 -13776.5300 10.0
R -34216.6529 -13779.9196 10.0
R -34217.3858 -13783.3092 10.0
R -34218.1187 -13786.6988 10.0
R -34221.0474 -13788.4865 10.0
R -34223.9762 -13790.2742 10.0
R -34221.8954 -13793.6833 10.0
R -34219.8145 -13797.0924 10.0
R -34217.7336 -13800.5015 10.0
R -34215.6528 -13803.9106 10.0
R -34213.5719 -13807.3197 10.0
R -34211.4910 -13810.7289 10.0
R -34209.4102 -13814.1380 10.0
R -34207.3293 -13817.5471 10.0
R -34205.2484 -13820.9562 10.0
R -34203.1676 -13824.3653 10.0
R -34201.0867 -13827.7744 10.0
R -34199.0059 -13831.1835 10.0
R -34196.9250 -13834.5927 10.0
R -34194.8441 -13838.0018 10.0
R -34192.7633 -13841.4109 10.0
R -34190.6824 -13844.8200 10.0
R -34188.6015 -13848.2291 10.0
R -34186.5207 -13851.6382 10.0
R -34184.4398 -13855.0474 10.0
R -34182.3590 -13858.4565 10.0
R -34180.2781 -13861.8656 10.0
R -34178.1972 -13865.2747 10.0
R -34176.1164 -13868.6838 10.0
R -34174.0355 -13872.0929 10.0
R -34171.9546 -13875.5021 10.0
R -34169.8738 -13878.9112 10.0
R -34167.7929 -13882.3203 10.0
R -34165.7120 -13885.7294 10.0
R -34163.6312 -13889.1385 10.0
R -34161.5503 -13892.5476 10.0
R -34159.4695 -13895.9567 10.0
R -34157.3886 -13899.3659 10.0
R -34155.3077 -13902.7750 10.0
R -34153.2269 -13906.1841 10.0
R -34151.1460 -13909.5932 10.0
R -34149.0651 -13913.0023 10.0
R -34146.9843 -13916.4114 10.0
R -34144.9034 -13919.8206 10.0
R -34142.8225 -13923.2297 10.0
R -34140.7417 -13926.6388 10.0
R -34138.6608 -13930.0479 10.0
R -34136.5800 -13933.4570 10.0
R -34134.4991 -13936.8661 10.0
R -34132.4182 -13940.2753 10.0
R -34130.3374 -13943.6844 10.0
R -34128.2565 -13947.0935 10.0
R -34126.1756 -13950.5026 10.0
R -34124.0948 -13953.9117 10.0
R -34122.0139 -13957.3208 10.0
R -34119.9331 -13960.7299 10.0
R -34117.8522 -13964.1391 10.0
R -34115.7713 -13967.5482 10.0
R -34113.6905 -13970.9573 10.0
R -34111.6096 -13974.3664 10.0
R -34109.5287 -13977.7755 10.0
R -34107.4479 -13981.1846 10.0
R -34105.3670 -13984.5938 10.0
R -34103.2861 -13988.0029 10.0
R -34101.2053 -13991.4120 10.0
R -34099.1244 -13994.8211 10.0
R -34097.0436 -13998.2302 10.0
R -34094.9627 -14001.6393 10.0
R -34092.8818 -14005.0485 10.0
R -34090.8010 -14008.4576 10.0
R -34088.7201 -14011.8667 10.0
R -34086.6392 -14015.2758 10.0
R -34084.5584 -14018.6849 10.0
R -34082.4775 -14022.0940 10.0
R -34080.3966 -14025.5031 10.0
R -34078.3158 -14028.9123 10.0
R -34076.2349 -14032.3214 10.0
R -34074.1541 -14035.7305 10.0
R -34072.0732 -14039.1396 10.0
R -34069.9923 -14042.5487 10.0
R -34067.9115 -14045.9578 10.0
R -34065.8306 -14049.3670 10.0
R -34063.7497 -14052.7761 10.0
R -34061.6689 -14056.1852 10.0
R -34059.5880 -14059.5943 10.0
R -34057.5072 -14063.0034 10.0
R -34055.4263 -14066.4125 10.0
R -34053.3454 -14069.8216 10.0
R -34051.2646 -14073.2308 10.0
R -34049.1837 -14076.6399 10.0
R -34047.1028 -14080.0490 10.0
R -34045.0220 -14083.4581 10.0
R -34042.9411 -14086.8672 10.0
R -34040.8602 -14090.2763 10.0
R -34038.7794 -14093.6855 10.0
R -34036.6985 -14097.0946 10.0
R -34034.6177 -14100.5037 10.0
R -34032.5368 -14103.9128 10.0
R -34030.4559 -14107.3219 10.0
R -34028.3751 -14110.7310 10.0
R -34026.2942 -14114.1402 10.0
R -34024.2133 -14117.5493 10.0
R -34022.1325 -14120.9584 10.0
R -34020.0516 -14124.3675 10.0
R -34017.9707 -14127.7766 10.0
R -34015.8899 -14131.1857 10.0
R -34013.8090 -14134.5948 10.0
R -34011.7282 -14138.0040 10.0
R -34009.6473 -14141.4131 10.0
R -34007.5664 -14144.8222 10.0
R -34005.4856 -14148.2313 10.0
R -34003.4047 -14151.6404 10.0
R -34001.3238 -14155.0495 10.0
R -33999.2430 -14158.4587 10.0
R -33997.1621 -14161.8678 10.0
R -33995.0812 -14165.2769 10.0
R -33993.0004 -14168.6860 10.0
R -33990.9195 -14172.0951 10.0
R -33988.8387 -14175.5042 10.0
R -33986.7578 -14178.9134 10.0
R -33984.6769 -14182.3225 10.0
R -33982.5961 -14185.7316 10.0
R -33980.5152 -14189.1407 10.0
R -33978.4343 -14192.5498 10.0
R -33976.3535 -14195.9589 10.0
R -33974.2726 -14199.3680 10.0
R -33972.1918 -14202.7772 10.0
R -33970.1109 -14206.1863 10.0
R -33968.0300 -14209.5954 10.0
R -33965.9492 -14213.0045 10.0
R -33963.8683 -14216.4136 10.0
R -33961.7874 -14219.8227 10.0
R -33959.7066 -14223.2319 10.0
R -33957.6257 -14226.6410 10.0
R -33955.5448 -14230.0501 10.0
R -33953.4640 -14233.4592 10.0
R -33951.3831 -14236.8683 10.0
R -33949.8047 -14239.4542 10.0
R -33948.2264 -14242.0401 10.0
R -33946.6480 -14244.6260 10.0
R -33945.0696 -14247.2119 10.0
R -33943.4470 -14249.8702 10.0
R -33941.8244 -14252.5285 10.0
R -33940.2018 -14255.1869 10.0
REARM HANGER_WEAPON_37062 -34237.5945 -13583.4602 328.528 -34206.6200 -13564.5000
ROUTE HANGER_WEAPON_37062 IN
R -33940.2018 -14255.1869 10.0
R -33941.8244 -14252.5285 10.0
R -33943.4470 -14249.8702 10.0
R -33945.0696 -14247.2119 10.0
R -33946.6480 -14244.6260 10.0
R -33948.2264 -14242.0401 10.0
R -33949.8047 -14239.4542 10.0
R -33951.3831 -14236.8683 10.0
R -33953.4640 -14233.4592 10.0
R -33955.5448 -14230.0501 10.0
R -33957.6257 -14226.6410 10.0
R -33959.7066 -14223.2319 10.0
R -33961.7874 -14219.8227 10.0
R -33963.8683 -14216.4136 10.0
R -33965.9492 -14213.0045 10.0
R -33968.0300 -14209.5954 10.0
R -33970.1109 -14206.1863 10.0
R -33972.1918 -14202.7772 10.0
R -33974.2726 -14199.3680 10.0
R -33976.3535 -14195.9589 10.0
R -33978.4343 -14192.5498 10.0
R -33980.5152 -14189.1407 10.0
R -33982.5961 -14185.7316 10.0
R -33984.6769 -14182.3225 10.0
R -33986.7578 -14178.9134 10.0
R -33988.8387 -14175.5042 10.0
R -33990.9195 -14172.0951 10.0
R -33993.0004 -14168.6860 10.0
R -33995.0812 -14165.2769 10.0
R -33997.1621 -14161.8678 10.0
R -33999.2430 -14158.4587 10.0
R -34001.3238 -14155.0495 10.0
R -34003.4047 -14151.6404 10.0
R -34005.4856 -14148.2313 10.0
R -34007.5664 -14144.8222 10.0
R -34009.6473 -14141.4131 10.0
R -34011.7282 -14138.0040 10.0
R -34013.8090 -14134.5948 10.0
R -34015.8899 -14131.1857 10.0
R -34017.9707 -14127.7766 10.0
R -34020.0516 -14124.3675 10.0
R -34022.1325 -14120.9584 10.0
R -34024.2133 -14117.5493 10.0
R -34026.2942 -14114.1402 10.0
R -34028.3751 -14110.7310 10.0
R -34030.4559 -14107.3219 10.0
R -34032.5368 -14103.9128 10.0
R -34034.6177 -14100.5037 10.0
R -34036.6985 -14097.0946 10.0
R -34038.7794 -14093.6855 10.0
R -34040.8602 -14090.2763 10.0
R -34042.9411 -14086.8672 10.0
R -34045.0220 -14083.4581 10.0
R -34047.1028 -14080.0490 10.0
R -34049.1837 -14076.6399 10.0
R -34051.2646 -14073.2308 10.0
R -34053.3454 -14069.8216 10.0
R -34055.4263 -14066.4125 10.0
R -34057.5072 -14063.0034 10.0
R -34059.5880 -14059.5943 10.0
R -34061.6689 -14056.1852 10.0
R -34063.7497 -14052.7761 10.0
R -34065.8306 -14049.3670 10.0
R -34067.9115 -14045.9578 10.0
R -34069.9923 -14042.5487 10.0
R -34072.0732 -14039.1396 10.0
R -34074.1541 -14035.7305 10.0
R -34076.2349 -14032.3214 10.0
R -34078.3158 -14028.9123 10.0
R -34080.3966 -14025.5031 10.0
R -34082.4775 -14022.0940 10.0
R -34084.5584 -14018.6849 10.0
R -34086.6392 -14015.2758 10.0
R -34088.7201 -14011.8667 10.0
R -34090.8010 -14008.4576 10.0
R -34092.8818 -14005.0485 10.0
R -34094.9627 -14001.6393 10.0
R -34097.0436 -13998.2302 10.0
R -34099.1244 -13994.8211 10.0
R -34101.2053 -13991.4120 10.0
R -34103.2861 -13988.0029 10.0
R -34105.3670 -13984.5938 10.0
R -34107.4479 -13981.1846 10.0
R -34109.5287 -13977.7755 10.0
R -34111.6096 -13974.3664 10.0
R -34113.6905 -13970.9573 10.0
R -34115.7713 -13967.5482 10.0
R -34117.8522 -13964.1391 10.0
R -34119.9331 -13960.7299 10.0
R -34122.0139 -13957.3208 10.0
R -34124.0948 -13953.9117 10.0
R -34126.1756 -13950.5026 10.0
R -34128.2565 -13947.0935 10.0
R -34130.3374 -13943.6844 10.0
R -34132.4182 -13940.2753 10.0
R -34134.4991 -13936.8661 10.0
R -34136.5800 -13933.4570 10.0
R -34138.6608 -13930.0479 10.0
R -34140.7417 -13926.6388 10.0
R -34142.8225 -13923.2297 10.0
R -34144.9034 -13919.8206 10.0
R -34146.9843 -13916.4114 10.0
R -34149.0651 -13913.0023 10.0
R -34151.1460 -13909.5932 10.0
R -34153.2269 -13906.1841 10.0
R -34155.3077 -13902.7750 10.0
R -34157.3886 -13899.3659 10.0
R -34159.4695 -13895.9567 10.0
R -34161.5503 -13892.5476 10.0
R -34163.6312 -13889.1385 10.0
R -34165.7120 -13885.7294 10.0
R -34167.7929 -13882.3203 10.0
R -34169.8738 -13878.9112 10.0
R -34171.9546 -13875.5021 10.0
R -34174.0355 -13872.0929 10.0
R -34176.1164 -13868.6838 10.0
R -34178.1972 -13865.2747 10.0
R -34180.2781 -13861.8656 10.0
R -34182.3590 -13858.4565 10.0
R -34184.4398 -13855.0474 10.0
R -34186.5207 -13851.6382 10.0
R -34188.6015 -13848.2291 10.0
R -34190.6824 -13844.8200 10.0
R -34192.7633 -13841.4109 10.0
R -34194.8441 -13838.0018 10.0
R -34196.9250 -13834.5927 10.0
R -34199.0059 -13831.1835 10.0
R -34201.0867 -13827.7744 10.0
R -34203.1676 -13824.3653 10.0
R -34205.2484 -13820.9562 10.0
R -34207.3293 -13817.5471 10.0
R -34209.4102 -13814.1380 10.0
R -34211.4910 -13810.7289 10.0
R -34213.5719 -13807.3197 10.0
R -34215.6528 -13803.9106 10.0
R -34217.7336 -13800.5015 10.0
R -34219.8145 -13797.0924 10.0
R -34221.8954 -13793.6833 10.0
R -34223.9762 -13790.2742 10.0
R -34221.0474 -13788.4865 10.0
R -34218.1187 -13786.6988 10.0
R -34217.3858 -13783.3092 10.0
R -34216.6529 -13779.9196 10.0
R -34215.9200 -13776.5300 10.0
R -34215.1871 -13773.1404 10.0
R -34214.4542 -13769.7508 10.0
R -34213.7213 -13766.3612 10.0
R -34210.5068 -13764.0066 10.0
R -34207.2923 -13761.6519 10.0
R -34204.0778 -13759.2973 10.0
R -34200.8633 -13756.9427 10.0
R -34197.6488 -13754.5881 10.0
R -34194.4343 -13752.2334 10.0
R -34191.2198 -13749.8788 10.0
R -34188.0052 -13747.5242 10.0
R -34184.7907 -13745.1696 10.0
R -34181.5762 -13742.8149 10.0
R -34178.3617 -13740.4603 10.0
R -34175.1472 -13738.1057 10.0
R -34171.9327 -13735.7511 10.0
R -34168.7182 -13733.3965 10.0
R -34165.5037 -13731.0418 10.0
R -34164.8158 -13727.8412 10.0
R -34164.1279 -13724.6406 10.0
R -34163.4400 -13721.4400 10.0
R -34162.7521 -13718.2394 10.0
R -34162.0642 -13715.0388 10.0
R -34161.3763 -13711.8382 10.0
R -34159.6560 -13710.7851 10.0
R -34161.7070 -13707.4345 10.0
R -34163.7580 -13704.0838 10.0
R -34165.8090 -13700.7331 10.0
R -34167.8600 -13697.3825 10.0
R -34169.9110 -13694.0318 10.0
R -34171.9621 -13690.6812 10.0
R -34174.0131 -13687.3305 10.0
R -34176.0641 -13683.9799 10.0
R -34178.1151 -13680.6292 10.0
R -34180.1661 -13677.2786 10.0
R -34182.2171 -13673.9279 10.0
R -34184.2681 -13670.5772 10.0
R -34186.3192 -13667.2266 10.0
R -34188.3702 -13663.8759 10.0
R -34190.4212 -13660.5253 10.0
R -34192.4722 -13657.1746 10.0
R -34194.5232 -13653.8240 10.0
R -34196.5742 -13650.4733 10.0
R -34198.6252 -13647.1227 10.0
R -34200.6762 -13643.7720 10.0
R -34202.7273 -13640.4213 10.0
R -34204.7783 -13637.0707 10.0
R -34206.8293 -13633.7200 10.0
R -34208.8803 -13630.3694 10.0
R -34210.9313 -13627.0187 10.0
R -34212.9823 -13623.6681 10.0
R -34215.0333 -13620.3174 10.0
R -34217.0844 -13616.9668 10.0
R -34219.1354 -13613.6161 10.0
R -34221.1864 -13610.2654 10.0
R -34223.2374 -13606.9148 10.0
R -34225.2884 -13603.5641 10.0
R -34227.3394 -13600.2135 10.0
R -34229.3904 -13596.8628 10.0
R -34231.4415 -13593.5122 10.0
R -34233.4925 -13590.1615 10.0
R -34235.5435 -13586.8109 10.0
R -34237.5945 -13583.4602 10.0
ROUTE HANGER_WEAPON_37062 OUT
R -34237.5945 -13583.4602 10.0
R -34235.5435 -13586.8109 10.0
R -34233.4925 -13590.1615 10.0
R -34231.4415 -13593.5122 10.0
R -34229.3904 -13596.8628 10.0
R -34227.3394 -13600.2135 10.0
R -34225.2884 -13603.5641 10.0
R -34223.2374 -13606.9148 10.0
R -34221.1864 -13610.2654 10.0
R -34219.1354 -13613.6161 10.0
R -34217.0844 -13616.9668 10.0
R -34215.0333 -13620.3174 10.0
R -34212.9823 -13623.6681 10.0
R -34210.9313 -13627.0187 10.0
R -34208.8803 -13630.3694 10.0
R -34206.8293 -13633.7200 10.0
R -34204.7783 -13637.0707 10.0
R -34202.7273 -13640.4213 10.0
R -34200.6762 -13643.7720 10.0
R -34198.6252 -13647.1227 10.0
R -34196.5742 -13650.4733 10.0
R -34194.5232 -13653.8240 10.0
R -34192.4722 -13657.1746 10.0
R -34190.4212 -13660.5253 10.0
R -34188.3702 -13663.8759 10.0
R -34186.3192 -13667.2266 10.0
R -34184.2681 -13670.5772 10.0
R -34182.2171 -13673.9279 10.0
R -34180.1661 -13677.2786 10.0
R -34178.1151 -13680.6292 10.0
R -34176.0641 -13683.9799 10.0
R -34174.0131 -13687.3305 10.0
R -34171.9621 -13690.6812 10.0
R -34169.9110 -13694.0318 10.0
R -34167.8600 -13697.3825 10.0
R -34165.8090 -13700.7331 10.0
R -34163.7580 -13704.0838 10.0
R -34161.7070 -13707.4345 10.0
R -34159.6560 -13710.7851 10.0
R -34161.3763 -13711.8382 10.0
R -34162.0642 -13715.0388 10.0
R -34162.7521 -13718.2394 10.0
R -34163.4400 -13721.4400 10.0
R -34164.1279 -13724.6406 10.0
R -34164.8158 -13727.8412 10.0
R -34165.5037 -13731.0418 10.0
R -34168.7182 -13733.3965 10.0
R -34171.9327 -13735.7511 10.0
R -34175.1472 -13738.1057 10.0
R -34178.3617 -13740.4603 10.0
R -34181.5762 -13742.8149 10.0
R -34184.7907 -13745.1696 10.0
R -34188.0052 -13747.5242 10.0
R -34191.2198 -13749.8788 10.0
R -34194.4343 -13752.2334 10.0
R -34197.6488 -13754.5881 10.0
R -34200.8633 -13756.9427 10.0
R -34204.0778 -13759.2973 10.0
R -34207.2923 -13761.6519 10.0
R -34210.5068 -13764.0066 10.0
R -34213.7213 -13766.3612 10.0
R -34214.4542 -13769.7508 10.0
R -34215.1871 -13773.1404 10.0
R -34215.9200 -13776.5300 10.0
R -34216.6529 -13779.9196 10.0
R -34217.3858 -13783.3092 10.0
R -34218.1187 -13786.6988 10.0
R -34221.0474 -13788.4865 10.0
R -34223.9762 -13790.2742 10.0
R -34221.8954 -13793.6833 10.0
R -34219.8145 -13797.0924 10.0
R -34217.7336 -13800.5015 10.0
R -34215.6528 -13803.9106 10.0
R -34213.5719 -13807.3197 10.0
R -34211.4910 -13810.7289 10.0
R -34209.4102 -13814.1380 10.0
R -34207.3293 -13817.5471 10.0
R -34205.2484 -13820.9562 10.0
R -34203.1676 -13824.3653 10.0
R -34201.0867 -13827.7744 10.0
R -34199.0059 -13831.1835 10.0
R -34196.9250 -13834.5927 10.0
R -34194.8441 -13838.0018 10.0
R -34192.7633 -13841.4109 10.0
R -34190.6824 -13844.8200 10.0
R -34188.6015 -13848.2291 10.0
R -34186.5207 -13851.6382 10.0
R -34184.4398 -13855.0474 10.0
R -34182.3590 -13858.4565 10.0
R -34180.2781 -13861.8656 10.0
R -34178.1972 -13865.2747 10.0
R -34176.1164 -13868.6838 10.0
R -34174.0355 -13872.0929 10.0
R -34171.9546 -13875.5021 10.0
R -34169.8738 -13878.9112 10.0
R -34167.7929 -13882.3203 10.0
R -34165.7120 -13885.7294 10.0
R -34163.6312 -13889.1385 10.0
R -34161.5503 -13892.5476 10.0
R -34159.4695 -13895.9567 10.0
R -34157.3886 -13899.3659 10.0
R -34155.3077 -13902.7750 10.0
R -34153.2269 -13906.1841 10.0
R -34151.1460 -13909.5932 10.0
R -34149.0651 -13913.0023 10.0
R -34146.9843 -13916.4114 10.0
R -34144.9034 -13919.8206 10.0
R -34142.8225 -13923.2297 10.0
R -34140.7417 -13926.6388 10.0
R -34138.6608 -13930.0479 10.0
R -34136.5800 -13933.4570 10.0
R -34134.4991 -13936.8661 10.0
R -34132.4182 -13940.2753 10.0
R -34130.3374 -13943.6844 10.0
R -34128.2565 -13947.0935 10.0
R -34126.1756 -13950.5026 10.0
R -34124.0948 -13953.9117 10.0
R -34122.0139 -13957.3208 10.0
R -34119.9331 -13960.7299 10.0
R -34117.8522 -13964.1391 10.0
R -34115.7713 -13967.5482 10.0
R -34113.6905 -13970.9573 10.0
R -34111.6096 -13974.3664 10.0
R -34109.5287 -13977.7755 10.0
R -34107.4479 -13981.1846 10.0
R -34105.3670 -13984.5938 10.0
R -34103.2861 -13988.0029 10.0
R -34101.2053 -13991.4120 10.0
R -34099.1244 -13994.8211 10.0
R -34097.0436 -13998.2302 10.0
R -34094.9627 -14001.6393 10.0
R -34092.8818 -14005.0485 10.0
R -34090.8010 -14008.4576 10.0
R -34088.7201 -14011.8667 10.0
R -34086.6392 -14015.2758 10.0
R -34084.5584 -14018.6849 10.0
R -34082.4775 -14022.0940 10.0
R -34080.3966 -14025.5031 10.0
R -34078.3158 -14028.9123 10.0
R -34076.2349 -14032.3214 10.0
R -34074.1541 -14035.7305 10.0
R -34072.0732 -14039.1396 10.0
R -34069.9923 -14042.5487 10.0
R -34067.9115 -14045.9578 10.0
R -34065.8306 -14049.3670 10.0
R -34063.7497 -14052.7761 10.0
R -34061.6689 -14056.1852 10.0
R -34059.5880 -14059.5943 10.0
R -34057.5072 -14063.0034 10.0
R -34055.4263 -14066.4125 10.0
R -34053.3454 -14069.8216 10.0
R -34051.2646 -14073.2308 10.0
R -34049.1837 -14076.6399 10.0
R -34047.1028 -14080.0490 10.0
R -34045.0220 -14083.4581 10.0
R -34042.9411 -14086.8672 10.0
R -34040.8602 -14090.2763 10.0
R -34038.7794 -14093.6855 10.0
R -34036.6985 -14097.0946 10.0
R -34034.6177 -14100.5037 10.0
R -34032.5368 -14103.9128 10.0
R -34030.4559 -14107.3219 10.0
R -34028.3751 -14110.7310 10.0
R -34026.2942 -14114.1402 10.0
R -34024.2133 -14117.5493 10.0
R -34022.1325 -14120.9584 10.0
R -34020.0516 -14124.3675 10.0
R -34017.9707 -14127.7766 10.0
R -34015.8899 -14131.1857 10.0
R -34013.8090 -14134.5948 10.0
R -34011.7282 -14138.0040 10.0
R -34009.6473 -14141.4131 10.0
R -34007.5664 -14144.8222 10.0
R -34005.4856 -14148.2313 10.0
R -34003.4047 -14151.6404 10.0
R -34001.3238 -14155.0495 10.0
R -33999.2430 -14158.4587 10.0
R -33997.1621 -14161.8678 10.0
R -33995.0812 -14165.2769 10.0
R -33993.0004 -14168.6860 10.0
R -33990.9195 -14172.0951 10.0
R -33988.8387 -14175.5042 10.0
R -33986.7578 -14178.9134 10.0
R -33984.6769 -14182.3225 10.0
R -33982.5961 -14185.7316 10.0
R -33980.5152 -14189.1407 10.0
R -33978.4343 -14192.5498 10.0
R -33976.3535 -14195.9589 10.0
R -33974.2726 -14199.3680 10.0
R -33972.1918 -14202.7772 10.0
R -33970.1109 -14206.1863 10.0
R -33968.0300 -14209.5954 10.0
R -33965.9492 -14213.0045 10.0
R -33963.8683 -14216.4136 10.0
R -33961.7874 -14219.8227 10.0
R -33959.7066 -14223.2319 10.0
R -33957.6257 -14226.6410 10.0
R -33955.5448 -14230.0501 10.0
R -33953.4640 -14233.4592 10.0
R -33951.3831 -14236.8683 10.0
R -33949.8047 -14239.4542 10.0
R -33948.2264 -14242.0401 10.0
R -33946.6480 -14244.6260 10.0
R -33945.0696 -14247.2119 10.0
R -33943.4470 -14249.8702 10.0
R -33941.8244 -14252.5285 10.0
R -33940.2018 -14255.1869 10.0
REARM SUPPLY_CONTAINER_37069 -34469.1550 -13205.5071 58.331 -34474.0600 -13177.8300
ROUTE SUPPLY_CONTAINER_37069 IN
R -33940.2018 -14255.1869 10.0
R -33941.8244 -14252.5285 10.0
R -33943.4470 -14249.8702 10.0
R -33945.0696 -14247.2119 10.0
R -33946.6480 -14244.6260 10.0
R -33948.2264 -14242.0401 10.0
R -33949.8047 -14239.4542 10.0
R -33951.3831 -14236.8683 10.0
R -33953.4640 -14233.4592 10.0
R -33955.5448 -14230.0501 10.0
R -33957.6257 -14226.6410 10.0
R -33959.7066 -14223.2319 10.0
R -33961.7874 -14219.8227 10.0
R -33963.8683 -14216.4136 10.0
R -33965.9492 -14213.0045 10.0
R -33968.0300 -14209.5954 10.0
R -33970.1109 -14206.1863 10.0
R -33972.1918 -14202.7772 10.0
R -33974.2726 -14199.3680 10.0
R -33976.3535 -14195.9589 10.0
R -33978.4343 -14192.5498 10.0
R -33980.5152 -14189.1407 10.0
R -33982.5961 -14185.7316 10.0
R -33984.6769 -14182.3225 10.0
R -33986.7578 -14178.9134 10.0
R -33988.8387 -14175.5042 10.0
R -33990.9195 -14172.0951 10.0
R -33993.0004 -14168.6860 10.0
R -33995.0812 -14165.2769 10.0
R -33997.1621 -14161.8678 10.0
R -33999.2430 -14158.4587 10.0
R -34001.3238 -14155.0495 10.0
R -34003.4047 -14151.6404 10.0
R -34005.4856 -14148.2313 10.0
R -34007.5664 -14144.8222 10.0
R -34009.6473 -14141.4131 10.0
R -34011.7282 -14138.0040 10.0
R -34013.8090 -14134.5948 10.0
R -34015.8899 -14131.1857 10.0
R -34017.9707 -14127.7766 10.0
R -34020.0516 -14124.3675 10.0
R -34022.1325 -14120.9584 10.0
R -34024.2133 -14117.5493 10.0
R -34026.2942 -14114.1402 10.0
R -34028.3751 -14110.7310 10.0
R -34030.4559 -14107.3219 10.0
R -34032.5368 -14103.9128 10.0
R -34034.6177 -14100.5037 10.0
R -34036.6985 -14097.0946 10.0
R -34038.7794 -14093.6855 10.0
R -34040.8602 -14090.2763 10.0
R -34042.9411 -14086.8672 10.0
R -34045.0220 -14083.4581 10.0
R -34047.1028 -14080.0490 10.0
R -34049.1837 -14076.6399 10.0
R -34051.2646 -14073.2308 10.0
R -34053.3454 -14069.8216 10.0
R -34055.4263 -14066.4125 10.0
R -34057.5072 -14063.0034 10.0
R -34059.5880 -14059.5943 10.0
R -34061.6689 -14056.1852 10.0
R -34063.7497 -14052.7761 10.0
R -34065.8306 -14049.3670 10.0
R -34067.9115 -14045.9578 10.0
R -34069.9923 -14042.5487 10.0
R -34072.0732 -14039.1396 10.0
R -34074.1541 -14035.7305 10.0
R -34076.2349 -14032.3214 10.0
R -34078.3158 -14028.9123 10.0
R -34080.3966 -14025.5031 10.0
R -34082.4775 -14022.0940 10.0
R -34084.5584 -14018.6849 10.0
R -34086.6392 -14015.2758 10.0
R -34088.7201 -14011.8667 10.0
R -34090.8010 -14008.4576 10.0
R -34092.8818 -14005.0485 10.0
R -34094.9627 -14001.6393 10.0
R -34097.0436 -13998.2302 10.0
R -34099.1244 -13994.8211 10.0
R -34101.2053 -13991.4120 10.0
R -34103.2861 -13988.0029 10.0
R -34105.3670 -13984.5938 10.0
R -34107.4479 -13981.1846 10.0
R -34109.5287 -13977.7755 10.0
R -34111.6096 -13974.3664 10.0
R -34113.6905 -13970.9573 10.0
R -34115.7713 -13967.5482 10.0
R -34117.8522 -13964.1391 10.0
R -34119.9331 -13960.7299 10.0
R -34122.0139 -13957.3208 10.0
R -34124.0948 -13953.9117 10.0
R -34126.1756 -13950.5026 10.0
R -34128.2565 -13947.0935 10.0
R -34130.3374 -13943.6844 10.0
R -34132.4182 -13940.2753 10.0
R -34134.4991 -13936.8661 10.0
R -34136.5800 -13933.4570 10.0
R -34138.6608 -13930.0479 10.0
R -34140.7417 -13926.6388 10.0
R -34142.8225 -13923.2297 10.0
R -34144.9034 -13919.8206 10.0
R -34146.9843 -13916.4114 10.0
R -34149.0651 -13913.0023 10.0
R -34151.1460 -13909.5932 10.0
R -34153.2269 -13906.1841 10.0
R -34155.3077 -13902.7750 10.0
R -34157.3886 -13899.3659 10.0
R -34159.4695 -13895.9567 10.0
R -34161.5503 -13892.5476 10.0
R -34163.6312 -13889.1385 10.0
R -34165.7120 -13885.7294 10.0
R -34167.7929 -13882.3203 10.0
R -34169.8738 -13878.9112 10.0
R -34171.9546 -13875.5021 10.0
R -34174.0355 -13872.0929 10.0
R -34176.1164 -13868.6838 10.0
R -34178.1972 -13865.2747 10.0
R -34180.2781 -13861.8656 10.0
R -34182.3590 -13858.4565 10.0
R -34184.4398 -13855.0474 10.0
R -34186.5207 -13851.6382 10.0
R -34188.6015 -13848.2291 10.0
R -34190.6824 -13844.8200 10.0
R -34192.7633 -13841.4109 10.0
R -34194.8441 -13838.0018 10.0
R -34196.9250 -13834.5927 10.0
R -34199.0059 -13831.1835 10.0
R -34201.0867 -13827.7744 10.0
R -34203.1676 -13824.3653 10.0
R -34205.2484 -13820.9562 10.0
R -34207.3293 -13817.5471 10.0
R -34209.4102 -13814.1380 10.0
R -34211.4910 -13810.7289 10.0
R -34213.5719 -13807.3197 10.0
R -34215.6528 -13803.9106 10.0
R -34217.7336 -13800.5015 10.0
R -34219.8145 -13797.0924 10.0
R -34221.8954 -13793.6833 10.0
R -34223.9762 -13790.2742 10.0
R -34225.8092 -13787.2712 10.0
R -34227.6422 -13784.2682 10.0
R -34229.4752 -13781.2652 10.0
R -34231.3081 -13778.2622 10.0
R -34233.1411 -13775.2592 10.0
R -34235.1168 -13772.0223 10.0
R -34237.0925 -13768.7855 10.0
R -34239.0682 -13765.5487 10.0
R -34241.0439 -13762.3119 10.0
R -34243.0818 -13758.9732 10.0
R -34245.1197 -13755.6344 10.0
R -34247.1576 -13752.2957 10.0
R -34249.1955 -13748.9569 10.0
R -34251.2335 -13745.6181 10.0
R -34253.2714 -13742.2794 10.0
R -34255.3093 -13738.9406 10.0
R -34257.3472 -13735.6019 10.0
R -34259.3851 -13732.2631 10.0
R -34261.4231 -13728.9243 10.0
R -34263.4610 -13725.5856 10.0
R -34265.4989 -13722.2468 10.0
R -34267.5368 -13718.9081 10.0
R -34269.5747 -13715.5693 10.0
R -34271.6126 -13712.2305 10.0
R -34273.6506 -13708.8918 10.0
R -34275.6885 -13705.5530 10.0
R -34277.7264 -13702.2143 10.0
R -34279.7643 -13698.8755 10.0
R -34281.8022 -13695.5367 10.0
R -34283.8402 -13692.1980 10.0
R -34285.8781 -13688.8592 10.0
R -34287.9160 -13685.5205 10.0
R -34289.9539 -13682.1817 10.0
R -34291.9918 -13678.8429 10.0
R -34294.0298 -13675.5042 10.0
R -34296.1102 -13672.0957 10.0
R -34298.1907 -13668.6873 10.0
R -34300.2712 -13665.2788 10.0
R -34302.3516 -13661.8703 10.0
R -34304.4321 -13658.4619 10.0
R -34306.5126 -13655.0534 10.0
R -34308.5930 -13651.6449 10.0
R -34310.6735 -13648.2365 10.0
R -34312.7540 -13644.8280 10.0
R -34314.8344 -13641.4195 10.0
R -34316.9149 -13638.0111 10.0
R -34318.9954 -13634.6026 10.0
R -34321.0758 -13631.1941 10.0
R -34323.1563 -13627.7857 10.0
R -34325.2368 -13624.3772 10.0
R -34327.3172 -13620.9687 10.0
R -34329.3977 -13617.5603 10.0
R -34331.4781 -13614.1518 10.0
R -34333.5586 -13610.7434 10.0
R -34335.6391 -13607.3349 10.0
R -34337.7195 -13603.9264 10.0
R -34339.8000 -13600.5180 10.0
R -34341.8805 -13597.1095 10.0
R -34343.9609 -13593.7010 10.0
R -34346.0414 -13590.2926 10.0
R -34348.1219 -13586.8841 10.0
R -34350.2023 -13583.4756 10.0
R -34352.2828 -13580.0672 10.0
R -34354.3633 -13576.6587 10.0
R -34356.4437 -13573.2502 10.0
R -34358.5242 -13569.8418 10.0
R -34360.6047 -13566.4333 10.0
R -34362.6851 -13563.0248 10.0
R -34364.7656 -13559.6164 10.0
R -34366.8461 -13556.2079 10.0
R -34368.9265 -13552.7994 10.0
R -34371.0070 -13549.3910 10.0
R -34373.0875 -13545.9825 10.0
R -34375.1679 -13542.5741 10.0
R -34377.2484 -13539.1656 10.0
R -34379.3289 -13535.7571 10.0
R -34381.4093 -13532.3487 10.0
R -34383.4898 -13528.9402 10.0
R -34385.5703 -13525.5317 10.0
R -34387.6507 -13522.1233 10.0
R -34389.7312 -13518.7148 10.0
R -34391.8117 -13515.3063 10.0
R -34393.8921 -13511.8979 10.0
R -34395.9726 -13508.4894 10.0
R -34398.0531 -13505.0809 10.0
R -34400.1335 -13501.6725 10.0
R -34402.2140 -13498.2640 10.0
R -34404.2945 -13494.8555 10.0
R -34406.3749 -13491.4471 10.0
R -34408.4554 -13488.0386 10.0
R -34410.5359 -13484.6302 10.0
R -34412.6163 -13481.2217 10.0
R -34414.6968 -13477.8132 10.0
R -34416.7773 -13474.4048 10.0
R -34418.8577 -13470.9963 10.0
R -34420.9382 -13467.5878 10.0
R -34423.0187 -13464.1794 10.0
R -34425.0991 -13460.7709 10.0
R -34427.1796 -13457.3624 10.0
R -34429.2601 -13453.9540 10.0
R -34431.3405 -13450.5455 10.0
R -34433.4210 -13447.1370 10.0
R -34435.5015 -13443.7286 10.0
R -34437.5819 -13440.3201 10.0
R -34439.6624 -13436.9116 10.0
R -34441.7429 -13433.5032 10.0
R -34443.8233 -13430.0947 10.0
R -34445.9038 -13426.6862 10.0
R -34447.9843 -13423.2778 10.0
R -34450.0647 -13419.8693 10.0
R -34452.1452 -13416.4609 10.0
R -34454.2256 -13413.0524 10.0
R -34456.3061 -13409.6439 10.0
R -34458.3866 -13406.2355 10.0
R -34460.4670 -13402.8270 10.0
R -34462.5475 -13399.4185 10.0
R -34464.6280 -13396.0101 10.0
R -34466.7084 -13392.6016 10.0
R -34468.7889 -13389.1931 10.0
R -34470.8694 -13385.7847 10.0
R -34472.9498 -13382.3762 10.0
R -34475.0303 -13378.9677 10.0
R -34477.1108 -13375.5593 10.0
R -34479.1912 -13372.1508 10.0
R -34481.2717 -13368.7423 10.0
R -34483.3522 -13365.3339 10.0
R -34485.4326 -13361.9254 10.0
R -34487.5131 -13358.5169 10.0
R -34489.5936 -13355.1085 10.0
R -34491.6740 -13351.7000 10.0
R -34493.7545 -13348.2916 10.0
R -34495.8350 -13344.8831 10.0
R -34497.9154 -13341.4746 10.0
R -34499.9959 -13338.0662 10.0
R -34502.0764 -13334.6577 10.0
R -34504.1568 -13331.2492 10.0
R -34506.2373 -13327.8408 10.0
R -34508.3178 -13324.4323 10.0
R -34510.3982 -13321.0238 10.0
R -34512.4787 -13317.6154 10.0
R -34514.5592 -13314.2069 10.0
R -34516.6396 -13310.7984 10.0
R -34518.7201 -13307.3900 10.0
R -34520.8006 -13303.9815 10.0
R -34522.8810 -13300.5730 10.0
R -34524.9615 -13297.1646 10.0
R -34527.0420 -13293.7561 10.0
R -34529.1224 -13290.3477 10.0
R -34531.2029 -13286.9392 10.0
R -34533.2834 -13283.5307 10.0
R -34535.3638 -13280.1223 10.0
R -34537.4443 -13276.7138 10.0
R -34539.5248 -13273.3053 10.0
R -34541.6052 -13269.8969 10.0
R -34538.6862 -13268.1152 10.0
R -34535.7673 -13266.3335 10.0
R -34534.6515 -13262.6790 10.0
R -34533.5358 -13259.0245 10.0
R -34532.4200 -13255.3700 10.0
R -34531.3042 -13251.7155 10.0
R -34530.1885 -13248.0610 10.0
R -34529.0727 -13244.4065 10.0
R -34530.1474 -13242.6400 10.0
R -34526.9229 -13240.6783 10.0
R -34523.6983 -13238.7166 10.0
R -34520.4737 -13236.7550 10.0
R -34517.2491 -13234.7933 10.0
R -34514.0246 -13232.8317 10.0
R -34510.8000 -13230.8700 10.0
R -34507.4853 -13228.8535 10.0
R -34504.1706 -13226.8370 10.0
R -34500.8559 -13224.8205 10.0
R -34497.5412 -13222.8040 10.0
R -34494.2264 -13220.7875 10.0
R -34490.9117 -13218.7710 10.0
R -34487.5970 -13216.7545 10.0
R -34484.2823 -13214.7380 10.0
R -34482.6628 -13213.7528 10.0
R -34479.2699 -13211.6888 10.0
R -34475.8769 -13209.6247 10.0
R -34472.4840 -13207.5606 10.0
R -34469.1550 -13205.5071 10.0
ROUTE SUPPLY_CONTAINER_37069 OUT
R -34469.1550 -13205.5071 10.0
R -34472.4840 -13207.5606 10.0
R -34475.8769 -13209.6247 10.0
R -34479.2699 -13211.6888 10.0
R -34482.6628 -13213.7528 10.0
R -34484.2823 -13214.7380 10.0
R -34487.5970 -13216.7545 10.0
R -34490.9117 -13218.7710 10.0
R -34494.2264 -13220.7875 10.0
R -34497.5412 -13222.8040 10.0
R -34500.8559 -13224.8205 10.0
R -34504.1706 -13226.8370 10.0
R -34507.4853 -13228.8535 10.0
R -34510.8000 -13230.8700 10.0
R -34514.0246 -13232.8317 10.0
R -34517.2491 -13234.7933 10.0
R -34520.4737 -13236.7550 10.0
R -34523.6983 -13238.7166 10.0
R -34526.9229 -13240.6783 10.0
R -34530.1474 -13242.6400 10.0
R -34529.0727 -13244.4065 10.0
R -34530.1885 -13248.0610 10.0
R -34531.3042 -13251.7155 10.0
R -34532.4200 -13255.3700 10.0
R -34533.5358 -13259.0245 10.0
R -34534.6515 -13262.6790 10.0
R -34535.7673 -13266.3335 10.0
R -34538.6862 -13268.1152 10.0
R -34541.6052 -13269.8969 10.0
R -34539.5248 -13273.3053 10.0
R -34537.4443 -13276.7138 10.0
R -34535.3638 -13280.1223 10.0
R -34533.2834 -13283.5307 10.0
R -34531.2029 -13286.9392 10.0
R -34529.1224 -13290.3477 10.0
R -34527.0420 -13293.7561 10.0
R -34524.9615 -13297.1646 10.0
R -34522.8810 -13300.5730 10.0
R -34520.8006 -13303.9815 10.0
R -34518.7201 -13307.3900 10.0
R -34516.6396 -13310.7984 10.0
R -34514.5592 -13314.2069 10.0
R -34512.4787 -13317.6154 10.0
R -34510.3982 -13321.0238 10.0
R -34508.3178 -13324.4323 10.0
R -34506.2373 -13327.8408 10.0
R -34504.1568 -13331.2492 10.0
R -34502.0764 -13334.6577 10.0
R -34499.9959 -13338.0662 10.0
R -34497.9154 -13341.4746 10.0
R -34495.8350 -13344.8831 10.0
R -34493.7545 -13348.2916 10.0
R -34491.6740 -13351.7000 10.0
R -34489.5936 -13355.1085 10.0
R -34487.5131 -13358.5169 10.0
R -34485.4326 -13361.9254 10.0
R -34483.3522 -13365.3339 10.0
R -34481.2717 -13368.7423 10.0
R -34479.1912 -13372.1508 10.0
R -34477.1108 -13375.5593 10.0
R -34475.0303 -13378.9677 10.0
R -34472.9498 -13382.3762 10.0
R -34470.8694 -13385.7847 10.0
R -34468.7889 -13389.1931 10.0
R -34466.7084 -13392.6016 10.0
R -34464.6280 -13396.0101 10.0
R -34462.5475 -13399.4185 10.0
R -34460.4670 -13402.8270 10.0
R -34458.3866 -13406.2355 10.0
R -34456.3061 -13409.6439 10.0
R -34454.2256 -13413.0524 10.0
R -34452.1452 -13416.4609 10.0
R -34450.0647 -13419.8693 10.0
R -34447.9843 -13423.2778 10.0
R -34445.9038 -13426.6862 10.0
R -34443.8233 -13430.0947 10.0
R -34441.7429 -13433.5032 10.0
R -34439.6624 -13436.9116 10.0
R -34437.5819 -13440.3201 10.0
R -34435.5015 -13443.7286 10.0
R -34433.4210 -13447.1370 10.0
R -34431.3405 -13450.5455 10.0
R -34429.2601 -13453.9540 10.0
R -34427.1796 -13457.3624 10.0
R -34425.0991 -13460.7709 10.0
R -34423.0187 -13464.1794 10.0
R -34420.9382 -13467.5878 10.0
R -34418.8577 -13470.9963 10.0
R -34416.7773 -13474.4048 10.0
R -34414.6968 -13477.8132 10.0
R -34412.6163 -13481.2217 10.0
R -34410.5359 -13484.6302 10.0
R -34408.4554 -13488.0386 10.0
R -34406.3749 -13491.4471 10.0
R -34404.2945 -13494.8555 10.0
R -34402.2140 -13498.2640 10.0
R -34400.1335 -13501.6725 10.0
R -34398.0531 -13505.0809 10.0
R -34395.9726 -13508.4894 10.0
R -34393.8921 -13511.8979 10.0
R -34391.8117 -13515.3063 10.0
R -34389.7312 -13518.7148 10.0
R -34387.6507 -13522.1233 10.0
R -34385.5703 -13525.5317 10.0
R -34383.4898 -13528.9402 10.0
R -34381.4093 -13532.3487 10.0
R -34379.3289 -13535.7571 10.0
R -34377.2484 -13539.1656 10.0
R -34375.1679 -13542.5741 10.0
R -34373.0875 -13545.9825 10.0
R -34371.0070 -13549.3910 10.0
R -34368.9265 -13552.7994 10.0
R -34366.8461 -13556.2079 10.0
R -34364.7656 -13559.6164 10.0
R -34362.6851 -13563.0248 10.0
R -34360.6047 -13566.4333 10.0
R -34358.5242 -13569.8418 10.0
R -34356.4437 -13573.2502 10.0
R -34354.3633 -13576.6587 10.0
R -34352.2828 -13580.0672 10.0
R -34350.2023 -13583.4756 10.0
R -34348.1219 -13586.8841 10.0
R -34346.0414 -13590.2926 10.0
R -34343.9609 -13593.7010 10.0
R -34341.8805 -13597.1095 10.0
R -34339.8000 -13600.5180 10.0
R -34337.7195 -13603.9264 10.0
R -34335.6391 -13607.3349 10.0
R -34333.5586 -13610.7434 10.0
R -34331.4781 -13614.1518 10.0
R -34329.3977 -13617.5603 10.0
R -34327.3172 -13620.9687 10.0
R -34325.2368 -13624.3772 10.0
R -34323.1563 -13627.7857 10.0
R -34321.0758 -13631.1941 10.0
R -34318.9954 -13634.6026 10.0
R -34316.9149 -13638.0111 10.0
R -34314.8344 -13641.4195 10.0
R -34312.7540 -13644.8280 10.0
R -34310.6735 -13648.2365 10.0
R -34308.5930 -13651.6449 10.0
R -34306.5126 -13655.0534 10.0
R -34304.4321 -13658.4619 10.0
R -34302.3516 -13661.8703 10.0
R -34300.2712 -13665.2788 10.0
R -34298.1907 -13668.6873 10.0
R -34296.1102 -13672.0957 10.0
R -34294.0298 -13675.5042 10.0
R -34291.9918 -13678.8429 10.0
R -34289.9539 -13682.1817 10.0
R -34287.9160 -13685.5205 10.0
R -34285.8781 -13688.8592 10.0
R -34283.8402 -13692.1980 10.0
R -34281.8022 -13695.5367 10.0
R -34279.7643 -13698.8755 10.0
R -34277.7264 -13702.2143 10.0
R -34275.6885 -13705.5530 10.0
R -34273.6506 -13708.8918 10.0
R -34271.6126 -13712.2305 10.0
R -34269.5747 -13715.5693 10.0
R -34267.5368 -13718.9081 10.0
R -34265.4989 -13722.2468 10.0
R -34263.4610 -13725.5856 10.0
R -34261.4231 -13728.9243 10.0
R -34259.3851 -13732.2631 10.0
R -34257.3472 -13735.6019 10.0
R -34255.3093 -13738.9406 10.0
R -34253.2714 -13742.2794 10.0
R -34251.2335 -13745.6181 10.0
R -34249.1955 -13748.9569 10.0
R -34247.1576 -13752.2957 10.0
R -34245.1197 -13755.6344 10.0
R -34243.0818 -13758.9732 10.0
R -34241.0439 -13762.3119 10.0
R -34239.0682 -13765.5487 10.0
R -34237.0925 -13768.7855 10.0
R -34235.1168 -13772.0223 10.0
R -34233.1411 -13775.2592 10.0
R -34231.3081 -13778.2622 10.0
R -34229.4752 -13781.2652 10.0
R -34227.6422 -13784.2682 10.0
R -34225.8092 -13787.2712 10.0
R -34223.9762 -13790.2742 10.0
R -34221.8954 -13793.6833 10.0
R -34219.8145 -13797.0924 10.0
R -34217.7336 -13800.5015 10.0
R -34215.6528 -13803.9106 10.0
R -34213.5719 -13807.3197 10.0
R -34211.4910 -13810.7289 10.0
R -34209.4102 -13814.1380 10.0
R -34207.3293 -13817.5471 10.0
R -34205.2484 -13820.9562 10.0
R -34203.1676 -13824.3653 10.0
R -34201.0867 -13827.7744 10.0
R -34199.0059 -13831.1835 10.0
R -34196.9250 -13834.5927 10.0
R -34194.8441 -13838.0018 10.0
R -34192.7633 -13841.4109 10.0
R -34190.6824 -13844.8200 10.0
R -34188.6015 -13848.2291 10.0
R -34186.5207 -13851.6382 10.0
R -34184.4398 -13855.0474 10.0
R -34182.3590 -13858.4565 10.0
R -34180.2781 -13861.8656 10.0
R -34178.1972 -13865.2747 10.0
R -34176.1164 -13868.6838 10.0
R -34174.0355 -13872.0929 10.0
R -34171.9546 -13875.5021 10.0
R -34169.8738 -13878.9112 10.0
R -34167.7929 -13882.3203 10.0
R -34165.7120 -13885.7294 10.0
R -34163.6312 -13889.1385 10.0
R -34161.5503 -13892.5476 10.0
R -34159.4695 -13895.9567 10.0
R -34157.3886 -13899.3659 10.0
R -34155.3077 -13902.7750 10.0
R -34153.2269 -13906.1841 10.0
R -34151.1460 -13909.5932 10.0
R -34149.0651 -13913.0023 10.0
R -34146.9843 -13916.4114 10.0
R -34144.9034 -13919.8206 10.0
R -34142.8225 -13923.2297 10.0
R -34140.7417 -13926.6388 10.0
R -34138.6608 -13930.0479 10.0
R -34136.5800 -13933.4570 10.0
R -34134.4991 -13936.8661 10.0
R -34132.4182 -13940.2753 10.0
R -34130.3374 -13943.6844 10.0
R -34128.2565 -13947.0935 10.0
R -34126.1756 -13950.5026 10.0
R -34124.0948 -13953.9117 10.0
R -34122.0139 -13957.3208 10.0
R -34119.9331 -13960.7299 10.0
R -34117.8522 -13964.1391 10.0
R -34115.7713 -13967.5482 10.0
R -34113.6905 -13970.9573 10.0
R -34111.6096 -13974.3664 10.0
R -34109.5287 -13977.7755 10.0
R -34107.4479 -13981.1846 10.0
R -34105.3670 -13984.5938 10.0
R -34103.2861 -13988.0029 10.0
R -34101.2053 -13991.4120 10.0
R -34099.1244 -13994.8211 10.0
R -34097.0436 -13998.2302 10.0
R -34094.9627 -14001.6393 10.0
R -34092.8818 -14005.0485 10.0
R -34090.8010 -14008.4576 10.0
R -34088.7201 -14011.8667 10.0
R -34086.6392 -14015.2758 10.0
R -34084.5584 -14018.6849 10.0
R -34082.4775 -14022.0940 10.0
R -34080.3966 -14025.5031 10.0
R -34078.3158 -14028.9123 10.0
R -34076.2349 -14032.3214 10.0
R -34074.1541 -14035.7305 10.0
R -34072.0732 -14039.1396 10.0
R -34069.9923 -14042.5487 10.0
R -34067.9115 -14045.9578 10.0
R -34065.8306 -14049.3670 10.0
R -34063.7497 -14052.7761 10.0
R -34061.6689 -14056.1852 10.0
R -34059.5880 -14059.5943 10.0
R -34057.5072 -14063.0034 10.0
R -34055.4263 -14066.4125 10.0
R -34053.3454 -14069.8216 10.0
R -34051.2646 -14073.2308 10.0
R -34049.1837 -14076.6399 10.0
R -34047.1028 -14080.0490 10.0
R -34045.0220 -14083.4581 10.0
R -34042.9411 -14086.8672 10.0
R -34040.8602 -14090.2763 10.0
R -34038.7794 -14093.6855 10.0
R -34036.6985 -14097.0946 10.0
R -34034.6177 -14100.5037 10.0
R -34032.5368 -14103.9128 10.0
R -34030.4559 -14107.3219 10.0
R -34028.3751 -14110.7310 10.0
R -34026.2942 -14114.1402 10.0
R -34024.2133 -14117.5493 10.0
R -34022.1325 -14120.9584 10.0
R -34020.0516 -14124.3675 10.0
R -34017.9707 -14127.7766 10.0
R -34015.8899 -14131.1857 10.0
R -34013.8090 -14134.5948 10.0
R -34011.7282 -14138.0040 10.0
R -34009.6473 -14141.4131 10.0
R -34007.5664 -14144.8222 10.0
R -34005.4856 -14148.2313 10.0
R -34003.4047 -14151.6404 10.0
R -34001.3238 -14155.0495 10.0
R -33999.2430 -14158.4587 10.0
R -33997.1621 -14161.8678 10.0
R -33995.0812 -14165.2769 10.0
R -33993.0004 -14168.6860 10.0
R -33990.9195 -14172.0951 10.0
R -33988.8387 -14175.5042 10.0
R -33986.7578 -14178.9134 10.0
R -33984.6769 -14182.3225 10.0
R -33982.5961 -14185.7316 10.0
R -33980.5152 -14189.1407 10.0
R -33978.4343 -14192.5498 10.0
R -33976.3535 -14195.9589 10.0
R -33974.2726 -14199.3680 10.0
R -33972.1918 -14202.7772 10.0
R -33970.1109 -14206.1863 10.0
R -33968.0300 -14209.5954 10.0
R -33965.9492 -14213.0045 10.0
R -33963.8683 -14216.4136 10.0
R -33961.7874 -14219.8227 10.0
R -33959.7066 -14223.2319 10.0
R -33957.6257 -14226.6410 10.0
R -33955.5448 -14230.0501 10.0
R -33953.4640 -14233.4592 10.0
R -33951.3831 -14236.8683 10.0
R -33949.8047 -14239.4542 10.0
R -33948.2264 -14242.0401 10.0
R -33946.6480 -14244.6260 10.0
R -33945.0696 -14247.2119 10.0
R -33943.4470 -14249.8702 10.0
R -33941.8244 -14252.5285 10.0
R -33940.2018 -14255.1869 10.0
TAKEOFF -33940.2018 -14255.1869 70.222 76.909 10
CLIMB 0 10 90 1 1
CLIMB 1000 180 150 0 0
CLIMB 3000 300 220 0 0
NODE -34658.2776 -13078.7503
NODE -34550.6335 -13255.1057
NODE -34541.6052 -13269.8969
NODE -34294.0298 -13675.5042
NODE -34241.0439 -13762.3119
NODE -34233.1411 -13775.2592
NODE -34223.9762 -13790.2742
NODE -33951.3831 -14236.8683
NODE -33945.0696 -14247.2119
NODE -33929.7819 -14272.2580
NODE -34529.0727 -13244.4065
NODE -34532.4200 -13255.3700
NODE -34535.7673 -13266.3335
NODE -34549.1160 -13254.1794
NODE -34530.1474 -13242.6400
NODE -34510.8000 -13230.8700
NODE -34484.2823 -13214.7380
NODE -34482.6628 -13213.7528
NODE -34472.4840 -13207.5606
NODE -34455.6594 -13160.3344
NODE -34447.6464 -13173.3243
NODE -34439.1946 -13187.0258
NODE -34432.0668 -13198.5808
NODE -34430.6300 -13200.9100
NODE -34407.6799 -13238.1148
NODE -34405.6203 -13241.4536
NODE -34482.8977 -13217.0141
NODE -34473.7300 -13217.8200
NODE -34464.5623 -13218.6259
NODE -34484.2175 -13211.1973
NODE -34481.8500 -13202.0800
NODE -34479.4825 -13192.9627
NODE -34147.5622 -13730.5422
NODE -34151.0157 -13724.9004
NODE -34159.6560 -13710.7851
NODE -34291.5900 -13495.2500
NODE -34395.2223 -13325.9503
NODE -34400.7940 -13316.8480
NODE -34406.5081 -13307.5131
NODE -34429.7191 -13269.5942
NODE -34435.6178 -13259.9578
NODE -34424.5865 -13248.5438
NODE -34426.5500 -13258.7000
NODE -34428.5135 -13268.8562
NODE -34392.5161 -13308.5978
NODE -34398.1800 -13307.2400
NODE -34403.8439 -13305.8822
NODE -34390.0274 -13312.8373
NODE -34391.2300 -13318.5400
NODE -34392.4326 -13324.2427
NODE -34396.2915 -13314.0919
NODE -34391.1404 -13310.9895
NODE -34347.8400 -13284.9100
NODE -34300.4916 -13256.3924
NODE -34299.3885 -13255.7281
NODE -34300.9208 -13219.4859
NODE -34313.6200 -13227.0800
NODE -34315.7562 -13228.3574
NODE -34316.8511 -13229.0122
NODE -34326.3192 -13234.6741
NODE -34308.5982 -13240.4291
NODE -34309.6513 -13241.0622
NODE -34328.7100 -13252.5200
NODE -34348.8218 -13264.6109
NODE -34297.8723 -13260.7762
NODE -34310.2800 -13240.0100
NODE -34322.6877 -13219.2438
NODE -34223.6646 -13769.4749
NODE -34215.0529 -13764.1910
NODE -34212.7543 -13762.7808
NODE -34185.1600 -13745.8500
NODE -34164.2788 -13733.0382
NODE -34146.6554 -13722.2251
NODE -34161.3763 -13711.8382
NODE -34163.4400 -13721.4400
NODE -34165.5037 -13731.0418
NODE -34213.7862 -13761.0991
NODE -34223.9000 -13759.5600
NODE -34234.0138 -13758.0209
NODE -34213.7213 -13766.3612
NODE -34215.9200 -13776.5300
NODE -34218.1187 -13786.6988
NODE -33913.6981 -14262.4878
NODE -33921.3400 -14249.9400
NODE -33928.9819 -14237.3922
NODE -33924.0465 -14238.5720
NODE -33934.7000 -14235.8800
NODE -33945.3535 -14233.1880
NODE -33940.2018 -14255.1869
NODE -34167.3338 -13698.2421
NODE -34237.5945 -13583.4602
NODE -34469.1550 -13205.5071
EDGE 0 1
EDGE 1 2
EDGE 2 3
EDGE 3 4
EDGE 4 5
EDGE 5 6
EDGE 6 7
EDGE 7 8
EDGE 8 9
EDGE 10 11
EDGE 11 12
EDGE 13 14
EDGE 14 15
EDGE 15 16
EDGE 16 17
EDGE 17 18
EDGE 19 20
EDGE 20 21
EDGE 21 22
EDGE 22 23
EDGE 23 24
EDGE 24 25
EDGE 26 27
EDGE 27 28
EDGE 29 30
EDGE 30 31
EDGE 32 33
EDGE 33 34
EDGE 34 35
EDGE 35 36
EDGE 36 37
EDGE 37 38
EDGE 38 39
EDGE 39 40
EDGE 41 42
EDGE 42 43
EDGE 44 45
EDGE 45 46
EDGE 47 48
EDGE 48 49
EDGE 50 51
EDGE 51 52
EDGE 52 53
EDGE 53 54
EDGE 55 56
EDGE 56 57
EDGE 57 58
EDGE 58 59
EDGE 60 61
EDGE 61 62
EDGE 62 63
EDGE 53 64
EDGE 53 61
EDGE 61 65
EDGE 58 65
EDGE 58 66
EDGE 67 68
EDGE 68 69
EDGE 69 70
EDGE 70 71
EDGE 33 71
EDGE 33 72
EDGE 73 74
EDGE 74 75
EDGE 76 77
EDGE 77 78
EDGE 79 80
EDGE 80 81
EDGE 82 83
EDGE 83 84
EDGE 84 85
EDGE 84 86
EDGE 86 87
EDGE 2 12
EDGE 1 13
EDGE 10 14
EDGE 18 21
EDGE 10 26
EDGE 16 26
EDGE 22 28
EDGE 10 29
EDGE 17 29
EDGE 26 29
EDGE 20 31
EDGE 28 40
EDGE 25 40
EDGE 39 43
EDGE 28 41
EDGE 24 41
EDGE 38 46
EDGE 43 46
EDGE 36 49
EDGE 44 47
EDGE 43 49
EDGE 37 50
EDGE 47 51
EDGE 44 51
EDGE 43 50
EDGE 54 57
EDGE 57 60
EDGE 54 60
EDGE 5 67
EDGE 71 75
EDGE 34 73
EDGE 69 76
EDGE 75 76
EDGE 4 78
EDGE 76 79
EDGE 68 79
EDGE 75 79
EDGE 6 81
EDGE 8 84
EDGE 7 87
EDGE 8 88
EDGE 9 88
EDGE 34 89
EDGE 35 89
EDGE 34 90
EDGE 35 90
EDGE 18 91
EDGE 21 91
