# Replay-derived Cole plan rebased for the 200 m runway extension.
# Generated by tools/maps/rebase_runway_references.py; taxi/supply world positions retained.
# COLE_29 arrival plan - built by tools/maps/build_arrival_plan.py from 8 replays; do not edit.
# Units: metres, m/s, compass degrees. YS axes: x east, z north, y up.
RUNWAY -16793.39 8505.32 291.386 1640.5 30.2 # pavement start x z, landing heading, length, width
TOUCHDOWN 97 57 153  # user's touchdowns: median min max m past the pavement start
TOUCHDOWN_SPEED 73.9
APPROACH FINAL 71  # x z | low: y m/s gear flap spoiler | high: y m/s gear flap spoiler
A -10292.2 6066.3 149.2 229.4 0 0 0 1893.1 272.3 0 0 0
A -10385.5 6102.9 148.7 229.6 0 0 0 1791.4 275.6 0 0 0
A -10478.7 6139.3 148.1 229.8 0 0 0 1689.6 278.9 0 0 0
A -10572.0 6175.6 147.4 230.0 0 0 0 1587.8 282.0 0 0 0
A -10665.4 6211.7 146.5 230.2 0 0 0 1486.1 285.0 0 0 0
A -10758.8 6247.7 145.6 230.4 0 0 0 1384.8 287.8 0 0 0
A -10852.3 6283.6 144.5 230.6 0 0 0 1284.8 290.5 0 0 0
A -10945.9 6319.1 143.2 230.8 0 0 0 1187.1 293.0 0 0 0
A -11039.5 6354.5 141.8 231.0 0 0 0 1092.8 295.1 0 0 0
A -11133.3 6389.7 140.4 231.2 0 0 0 1002.2 296.9 0 0 0
A -11227.0 6424.6 138.8 231.4 0 0 0 915.9 298.3 0 0 0
A -11320.9 6459.5 137.1 231.6 0 0 0 835.6 299.1 0 0 0
A -11414.7 6494.4 135.4 231.8 0 0 0 761.5 299.5 0 0 0
A -11508.5 6529.2 133.6 232.0 0 0 0 693.3 299.6 0 0 0
A -11602.4 6564.0 131.8 232.2 0 0 0 630.7 299.5 0 0 0
A -11696.2 6598.8 129.9 232.4 0 0 0 573.4 299.1 0 0 0
A -11790.1 6633.5 127.9 232.6 0 0 0 521.4 298.4 0 0 0
A -11884.1 6668.0 125.7 232.8 0 0 0 474.7 297.5 0 0 0
A -11978.1 6702.3 123.5 233.0 0 0 0 433.1 296.4 0 0 0
A -12072.2 6736.5 121.1 233.2 0 0 0 396.0 295.4 0 0 0
A -12166.4 6770.4 118.6 233.4 0 0 0 362.7 294.4 0 0 0
A -12260.7 6804.1 116.0 233.6 0 0 0 332.3 293.4 0 0 0
A -12355.0 6837.6 113.4 233.7 0 0 0 304.6 292.4 0 0 0
A -12449.5 6870.8 110.9 233.9 0 0 0 279.4 291.3 0 0 0
A -12544.1 6903.7 108.4 234.1 0 0 0 256.3 290.1 0 0 0
A -12638.7 6936.4 106.0 234.3 0 0 0 234.9 288.8 0 0 0
A -12733.4 6969.0 103.7 234.4 0 0 0 215.0 287.3 0 1 0
A -12828.1 7001.4 101.6 234.5 0 0 0 196.4 285.6 0 1 0
A -12922.9 7033.7 99.6 234.3 0 0 0 178.8 283.2 0 1 0
A -13017.7 7065.9 97.7 234.0 0 0 0 161.8 280.0 0 1 0
A -13112.5 7098.2 95.9 233.5 0 0 0 145.6 276.0 0 1 0
A -13207.2 7130.6 94.1 233.1 0 0 0 130.4 272.5 0 1 0
A -13302.0 7162.9 92.2 232.6 0 0 0 116.3 267.6 0 1 1
A -13396.7 7195.4 90.2 231.9 0 0 0 104.5 261.1 0 1 1
A -13491.4 7227.9 88.2 231.0 0 1 0 95.8 253.3 1 1 1
A -13586.1 7260.5 86.2 229.9 0 1 0 89.6 245.2 1 1 1
A -13680.7 7293.2 84.4 228.6 0 1 0 85.3 236.7 1 1 1
A -13775.2 7326.2 82.8 227.3 0 1 0 82.7 228.5 1 1 1
A -13869.6 7359.7 81.4 225.8 0 1 0 81.2 220.7 1 1 1
A -13963.8 7393.6 80.0 224.0 0 1 0 80.4 213.3 1 1 1
A -14057.8 7427.9 78.6 221.9 1 1 0 79.9 205.9 1 1 1
A -14151.8 7462.6 77.1 219.6 1 1 0 79.1 199.1 1 1 1
A -14245.6 7497.5 75.5 216.9 1 1 0 77.5 192.5 1 1 1
A -14339.2 7532.8 73.8 214.1 1 1 0 74.9 186.3 1 1 1
A -14432.7 7568.6 72.1 211.1 1 1 0 71.6 180.4 1 1 1
A -14526.1 7604.8 70.1 208.0 1 1 0 67.5 174.8 1 1 1
A -14619.3 7641.3 68.0 205.0 1 1 0 62.9 169.4 1 1 1
A -14712.4 7678.2 65.7 202.0 1 1 0 58.1 164.3 1 1 1
A -14805.4 7715.3 63.3 198.5 1 1 0 53.3 159.5 1 1 1
A -14898.3 7752.6 60.7 194.8 1 1 0 48.7 154.6 1 1 1
A -14991.1 7790.1 57.9 190.4 1 1 0 45.3 149.6 1 1 1
A -15083.9 7827.7 54.8 184.9 1 1 0 42.8 144.9 1 1 1
A -15176.6 7865.5 51.5 178.2 1 1 1 41.1 140.2 1 1 1
A -15269.3 7903.4 48.0 171.3 1 1 1 40.4 135.8 1 1 1
A -15362.0 7941.4 44.7 165.8 1 1 0 39.7 132.4 1 1 1
A -15454.7 7979.2 41.7 161.0 1 1 0 38.3 130.0 1 1 1
A -15547.4 8016.9 38.7 156.7 1 1 0 36.0 127.8 1 1 1
A -15640.4 8054.2 35.7 153.0 1 1 0 32.9 125.6 1 1 1
A -15733.5 8091.0 32.8 148.0 1 1 1 29.5 123.3 1 1 1
A -15826.7 8127.5 30.0 141.9 1 1 1 26.5 120.9 1 1 1
A -15919.9 8164.0 27.3 134.8 1 1 1 24.1 118.6 1 1 1
A -16013.2 8200.5 25.2 127.9 1 1 1 22.1 116.5 1 1 1
A -16106.4 8237.0 22.8 121.5 1 1 1 20.2 114.6 1 1 1
A -16199.7 8273.4 19.4 115.4 1 1 1 18.4 112.9 1 1 1
A -16293.0 8309.8 15.7 109.0 1 1 1 16.2 111.3 1 1 1
A -16386.3 8346.1 13.3 102.4 1 1 1 14.0 109.5 1 1 1
A -16479.6 8382.3 11.3 96.3 1 1 1 11.8 107.9 1 1 1
A -16573.0 8418.6 8.4 90.5 1 1 1 9.3 106.5 1 1 1
A -16666.3 8454.9 5.6 84.8 1 1 1 6.7 104.9 1 1 1
A -16759.6 8491.2 3.7 79.0 1 1 1 4.4 102.9 1 1 1
A -16852.9 8527.5 1.9 73.1 1 1 1 1.8 98.4 1 1 1
APPROACH LEFT 106  # x z | low: y m/s gear flap spoiler | high: y m/s gear flap spoiler
A -19231.6 1946.7 170.7 227.9 0 0 0 2389.2 253.6 0 0 0
A -19157.6 2014.5 171.8 228.0 0 0 0 2352.2 254.7 0 0 0
A -19083.0 2081.8 173.0 228.1 0 0 0 2315.1 255.7 0 0 0
A -19007.7 2148.2 174.4 228.2 0 0 0 2278.1 256.7 0 0 0
A -18931.6 2213.8 175.9 228.3 0 0 0 2241.4 257.7 0 0 0
A -18854.7 2278.5 177.6 228.4 0 0 0 2205.1 258.6 0 0 0
A -18777.0 2342.1 179.4 228.5 0 0 0 2169.0 259.5 0 0 0
A -18698.5 2404.7 181.2 228.6 0 0 0 2133.4 260.4 0 0 0
A -18619.2 2466.4 182.8 228.7 0 0 0 2098.0 261.2 0 0 0
A -18539.2 2527.2 184.2 228.8 0 0 0 2062.7 262.0 0 0 0
A -18458.7 2587.3 185.3 228.9 0 0 0 2027.6 262.9 0 0 0
A -18377.8 2646.8 186.0 229.0 0 0 0 1992.7 263.6 0 0 0
A -18296.4 2705.7 186.4 229.2 0 0 0 1958.0 264.4 0 0 0
A -18214.8 2764.2 186.6 229.3 0 0 0 1923.4 265.1 0 0 0
A -18132.7 2822.2 186.9 229.4 0 0 0 1889.0 265.8 0 0 0
A -18050.4 2879.7 187.3 229.6 0 0 0 1854.8 266.5 0 0 0
A -17967.7 2936.8 187.8 229.7 0 0 0 1820.8 267.2 0 0 0
A -17884.7 2993.4 188.2 229.8 0 0 0 1787.1 267.8 0 0 0
A -17801.5 3049.6 188.4 230.0 0 0 0 1753.7 268.4 0 0 0
A -17718.1 3105.6 188.5 230.1 0 0 0 1720.4 269.0 0 0 0
A -17634.6 3161.4 188.7 230.2 0 0 0 1687.3 269.5 0 0 0
A -17551.0 3217.0 189.1 230.3 0 0 0 1654.2 270.0 0 0 0
A -17467.3 3272.6 189.8 230.4 0 0 0 1621.2 270.3 0 0 0
A -17383.6 3328.0 191.1 230.5 0 0 0 1588.2 270.4 0 0 0
A -17299.7 3383.2 192.9 230.5 0 0 0 1555.3 270.3 0 0 0
A -17215.8 3438.3 195.1 230.6 0 0 0 1522.5 269.9 0 0 0
A -17131.7 3493.2 197.4 230.6 0 0 0 1489.7 269.3 0 0 0
A -17047.5 3548.0 199.7 230.5 0 0 0 1457.0 268.5 0 0 0
A -16963.3 3602.7 202.0 230.2 0 0 0 1424.2 267.7 0 0 0
A -16879.0 3657.4 204.3 229.9 0 0 0 1391.3 266.9 0 0 0
A -16794.8 3712.0 206.5 229.5 0 0 0 1358.2 266.1 0 0 0
A -16710.5 3766.5 208.7 229.0 0 0 0 1324.8 265.2 0 0 0
A -16626.1 3821.1 210.8 228.4 0 0 0 1291.4 264.2 0 0 0
A -16541.8 3875.6 212.8 227.6 0 0 0 1257.9 262.9 0 1 0
A -16457.4 3930.1 214.7 226.6 0 0 0 1224.4 261.6 0 1 0
A -16373.0 3984.5 216.3 225.4 0 0 0 1190.9 260.3 0 1 0
A -16288.6 4038.9 217.7 224.0 0 0 0 1157.5 258.9 0 1 0
A -16204.0 4093.1 218.9 222.5 0 0 0 1124.5 257.6 0 1 0
A -16119.2 4146.9 219.9 220.9 0 0 0 1092.0 256.3 0 1 0
A -16034.0 4200.1 220.9 219.1 0 1 0 1059.9 254.9 0 1 0
A -15948.3 4252.5 222.0 217.2 0 1 0 1028.1 253.5 0 1 0
A -15861.9 4303.7 223.3 214.8 0 1 0 996.8 252.0 0 1 0
A -15774.7 4353.6 224.7 212.0 1 1 0 966.5 250.3 0 1 0
A -15687.0 4402.4 226.3 208.9 1 1 0 936.7 248.3 1 1 0
A -15598.9 4450.5 227.9 205.6 1 1 0 907.0 246.1 1 1 0
A -15510.6 4498.1 229.6 202.2 1 1 0 877.3 243.5 1 1 0
A -15422.2 4545.6 231.2 198.8 1 1 0 847.3 240.8 1 1 0
A -15334.1 4593.4 232.6 195.5 1 1 0 817.2 238.0 1 1 0
A -15246.4 4641.9 233.6 192.2 1 1 0 787.1 235.3 1 1 0
A -15159.4 4691.4 234.6 189.0 1 1 0 757.4 232.7 1 1 0
A -15073.6 4742.7 235.7 185.8 1 1 0 728.3 230.0 1 1 0
A -14989.6 4796.9 236.6 182.6 1 1 0 699.7 227.2 1 1 0
A -14908.2 4854.9 237.2 179.4 1 1 0 671.1 224.2 1 1 0
A -14830.2 4917.4 237.6 176.2 1 1 0 642.2 221.0 1 1 0
A -14756.2 4984.8 237.7 173.0 1 1 0 613.3 217.4 1 1 0
A -14687.2 5057.4 237.6 169.8 1 1 0 584.7 213.8 1 1 0
A -14623.8 5135.0 237.8 166.5 1 1 0 556.6 210.3 1 1 0
A -14566.3 5217.1 237.8 163.4 1 1 0 529.1 206.8 1 1 0
A -14515.2 5303.5 237.6 160.3 1 1 0 502.3 203.2 1 1 0
A -14471.1 5393.6 237.2 157.1 1 1 0 476.4 199.8 1 1 0
A -14434.2 5486.9 236.8 153.9 1 1 0 451.3 196.5 1 1 0
A -14404.7 5582.8 236.1 150.9 1 1 0 426.9 193.4 1 1 0
A -14382.9 5680.8 235.0 147.9 1 1 0 403.2 190.3 1 1 0
A -14368.7 5780.1 233.3 145.2 1 1 0 380.0 187.2 1 1 0
A -14361.9 5880.3 231.0 142.8 1 1 0 357.3 183.7 1 1 0
A -14362.2 5980.7 228.3 140.8 1 1 0 334.9 180.0 1 1 0
A -14368.9 6080.9 225.1 138.9 1 1 0 313.1 176.5 1 1 0
A -14380.7 6180.4 221.9 137.0 1 1 0 291.8 173.9 1 1 0
A -14396.0 6279.4 218.6 135.5 1 1 0 273.0 171.1 1 1 0
A -14413.8 6377.9 214.7 134.3 1 1 0 259.0 168.1 1 1 0
A -14433.5 6476.2 210.8 133.2 1 1 0 249.3 165.2 1 1 0
A -14454.7 6574.2 207.5 132.0 1 1 0 242.5 162.4 1 1 0
A -14476.6 6672.1 204.6 130.9 1 1 0 237.2 159.8 1 1 0
A -14498.8 6769.9 201.5 130.0 1 1 0 233.0 157.1 1 1 0
A -14521.3 6867.6 198.1 129.0 1 1 0 230.2 154.4 1 1 0
A -14544.6 6965.1 194.5 128.1 1 1 0 228.3 151.8 1 1 0
A -14570.1 7062.1 190.1 127.2 1 1 0 226.7 149.1 1 1 0
A -14599.2 7158.1 184.8 126.3 1 1 0 225.5 146.2 1 1 0
A -14632.8 7252.6 179.5 125.1 1 1 0 224.3 143.5 1 1 0
A -14671.8 7345.1 174.5 123.8 1 1 0 222.0 140.9 1 1 0
A -14716.9 7434.8 169.6 122.3 1 1 0 218.3 138.3 1 1 0
A -14768.4 7521.1 164.6 120.9 1 1 0 212.5 135.9 1 1 0
A -14826.8 7602.8 159.3 119.4 1 1 0 204.6 133.3 1 1 0
A -14892.2 7678.9 153.4 118.1 1 1 0 194.9 131.6 1 1 0
A -14964.1 7749.0 146.5 116.9 1 1 0 183.4 130.3 1 1 0
A -15042.2 7812.2 139.5 115.2 1 1 0 170.7 129.1 1 1 0
A -15125.3 7868.5 132.9 113.8 1 1 0 158.3 128.2 1 1 0
A -15212.3 7918.5 126.6 112.4 1 1 0 146.5 127.3 1 1 0
A -15302.3 7962.6 120.9 111.3 1 1 0 135.5 126.5 1 1 0
A -15394.5 8001.6 115.3 110.8 1 1 0 124.8 125.5 1 1 0
A -15488.5 8036.8 109.3 110.5 1 1 0 115.4 124.1 1 1 0
A -15583.3 8069.5 103.0 110.1 1 1 0 108.0 123.0 1 1 0
A -15678.5 8101.5 97.0 109.6 1 1 0 101.5 122.1 1 1 0
A -15773.6 8133.6 91.3 108.4 1 1 0 95.0 121.4 1 1 0
A -15868.7 8165.8 85.3 106.5 1 1 0 88.5 120.5 1 1 0
A -15963.6 8198.3 78.1 104.7 1 1 0 82.2 119.4 1 1 0
A -16058.4 8231.0 69.9 103.0 1 1 0 75.5 117.7 1 1 0
A -16153.3 8263.7 61.1 101.3 1 1 0 67.8 116.0 1 1 0
A -16248.0 8296.9 52.5 99.4 1 1 0 58.9 113.4 1 1 1
A -16342.4 8331.2 43.4 97.7 1 1 0 49.9 109.1 1 1 1
A -16436.4 8366.5 34.1 95.9 1 1 0 40.5 104.6 1 1 1
A -16530.1 8402.8 24.9 94.0 1 1 0 30.2 99.9 1 1 1
A -16623.6 8439.5 16.7 91.8 1 1 0 20.5 94.3 1 1 1
A -16717.1 8476.2 10.0 88.9 1 1 0 12.0 87.6 1 1 1
A -16810.6 8512.9 4.9 82.9 1 1 1 6.3 79.3 1 1 1
A -16904.2 8549.5 1.9 74.7 1 1 1 2.0 71.1 1 1 1
APPROACH RIGHT 99  # x z | low: y m/s gear flap spoiler | high: y m/s gear flap spoiler
A -14087.3 14952.9 169.9 230.0 0 0 0 2449.9 226.1 1 1 0
A -14089.8 14852.8 169.3 230.2 0 0 0 2419.3 226.1 1 1 0
A -14091.5 14752.6 169.0 230.4 0 0 0 2388.3 226.0 1 1 0
A -14092.6 14652.4 168.9 230.6 0 0 0 2356.7 225.6 1 1 0
A -14093.1 14552.1 169.0 230.8 0 0 0 2324.7 225.2 1 1 0
A -14092.9 14451.8 169.4 230.9 0 0 0 2292.3 224.8 1 1 0
A -14092.0 14351.4 170.1 231.1 0 0 0 2259.5 224.3 1 1 0
A -14090.5 14251.1 170.9 231.3 0 0 0 2226.2 223.7 1 1 0
A -14088.4 14150.7 171.9 231.4 0 0 0 2192.5 223.2 1 1 0
A -14085.6 14050.4 173.1 231.5 0 0 0 2158.5 222.6 1 1 0
A -14082.2 13950.0 174.4 231.7 0 0 0 2124.0 222.0 1 1 0
A -14078.1 13849.7 175.9 231.8 0 0 0 2089.3 221.5 1 1 0
A -14073.1 13749.4 177.5 231.9 0 0 0 2054.1 220.9 1 1 0
A -14067.4 13649.1 179.3 232.0 0 0 0 2018.8 220.4 1 1 0
A -14060.7 13548.9 181.2 232.1 0 0 0 1983.3 219.9 1 1 0
A -14053.3 13448.7 183.3 232.2 0 0 0 1947.6 219.4 1 1 0
A -14045.0 13348.7 185.6 232.3 0 0 0 1911.4 218.9 1 1 0
A -14035.9 13248.6 188.1 232.3 0 0 0 1875.0 218.4 1 1 0
A -14026.0 13148.7 190.6 232.4 0 0 0 1838.2 218.0 1 1 0
A -14015.5 13048.8 192.7 232.5 0 0 0 1801.1 217.6 1 1 0
A -14004.4 12949.0 194.4 232.7 0 0 0 1763.8 217.1 1 1 0
A -13992.9 12849.3 195.5 232.8 0 0 0 1726.2 216.7 1 1 0
A -13980.9 12749.5 196.4 233.0 0 0 0 1688.5 216.3 1 1 0
A -13968.5 12649.9 197.0 233.2 0 0 0 1650.8 215.8 1 1 0
A -13955.5 12550.3 197.5 233.3 0 0 0 1613.4 215.4 1 1 0
A -13941.9 12450.8 197.7 233.5 0 0 0 1576.2 214.9 1 1 0
A -13927.5 12351.4 198.0 233.7 0 0 0 1539.2 214.5 1 1 0
A -13912.3 12252.1 198.4 233.8 0 0 0 1502.4 214.0 1 1 0
A -13896.0 12153.0 199.0 233.9 0 0 0 1465.7 213.4 1 1 0
A -13878.6 12054.1 199.5 234.1 0 0 0 1429.3 212.7 1 1 0
A -13860.2 11955.4 200.0 234.2 0 0 0 1393.2 212.1 1 1 0
A -13840.9 11856.9 200.4 234.3 0 0 0 1357.7 211.4 1 1 0
A -13820.9 11758.5 200.9 234.3 0 0 0 1323.0 210.8 1 1 0
A -13800.4 11660.2 201.3 234.3 0 0 0 1289.1 210.0 1 1 0
A -13779.5 11562.1 201.9 234.1 0 0 0 1255.9 209.3 1 1 0
A -13758.2 11464.0 202.8 233.7 0 1 0 1223.3 208.6 1 1 0
A -13736.6 11366.1 203.9 233.2 0 1 0 1191.3 207.8 1 1 0
A -13714.6 11268.3 205.2 232.6 0 1 0 1160.0 207.0 1 1 0
A -13692.5 11170.5 206.6 231.8 0 1 0 1129.4 206.1 1 1 0
A -13670.1 11072.8 208.3 231.0 0 1 0 1099.3 205.2 1 1 0
A -13647.5 10975.3 210.5 229.8 0 1 0 1069.8 204.2 1 1 0
A -13624.8 10877.7 213.1 228.4 0 1 0 1040.8 203.1 1 1 0
A -13602.2 10780.1 216.1 226.9 0 1 0 1011.7 201.8 1 1 0
A -13580.1 10682.5 219.7 225.4 0 1 0 982.7 200.3 1 1 0
A -13558.5 10584.8 223.7 223.8 0 1 0 953.4 198.6 1 1 0
A -13537.4 10487.0 228.1 222.1 0 1 0 923.8 197.0 1 1 0
A -13517.1 10389.0 232.7 220.1 0 1 0 894.4 195.3 1 1 0
A -13498.1 10290.8 237.4 217.9 0 1 0 865.2 193.7 1 1 0
A -13481.4 10192.2 242.7 215.4 0 1 0 837.0 191.8 1 1 0
A -13468.4 10093.2 249.1 212.8 0 1 0 810.8 189.4 1 1 0
A -13460.1 9993.7 256.3 209.8 0 1 0 787.2 186.9 1 1 0
A -13456.2 9894.0 263.8 206.5 1 1 0 765.8 184.5 1 1 0
A -13457.0 9794.2 271.1 203.0 1 1 0 746.1 182.1 1 1 0
A -13462.9 9694.7 278.1 199.4 1 1 0 728.4 179.3 1 1 0
A -13474.4 9595.8 284.7 195.6 1 1 0 712.6 176.3 1 1 0
A -13491.6 9497.8 290.8 191.7 1 1 0 698.7 173.5 1 1 0
A -13514.6 9401.1 295.9 187.7 1 1 0 685.8 171.0 1 1 0
A -13542.5 9305.4 299.6 183.9 1 1 0 672.8 169.0 1 1 0
A -13574.1 9210.7 302.1 180.3 1 1 0 659.6 167.2 1 1 0
A -13608.9 9116.9 303.5 176.8 1 1 0 645.7 165.4 1 1 0
A -13647.1 9024.2 303.9 173.2 1 1 0 631.1 163.7 1 1 0
A -13689.3 8933.1 303.8 169.6 1 1 0 616.4 161.9 1 1 0
A -13736.4 8844.4 303.4 165.8 1 1 0 601.5 160.0 1 1 0
A -13788.8 8758.7 302.6 162.1 1 1 0 586.8 158.1 1 1 0
A -13846.2 8676.4 301.3 159.0 1 1 0 572.3 156.1 1 1 0
A -13907.7 8597.0 299.1 156.4 1 1 0 558.2 153.8 1 1 0
A -13972.6 8520.4 296.0 154.0 1 1 0 544.1 151.7 1 1 0
A -14040.2 8446.1 291.8 151.7 1 1 0 529.4 149.8 1 1 0
A -14110.4 8374.6 286.7 149.4 1 1 0 513.9 147.6 1 1 0
A -14184.6 8307.4 282.4 146.5 1 1 0 497.6 145.4 1 1 0
A -14263.2 8245.7 280.2 143.0 1 1 0 480.1 143.6 1 1 0
A -14346.0 8189.6 279.2 139.8 1 1 0 461.1 142.0 1 1 0
A -14432.3 8139.3 279.0 136.8 1 1 0 440.7 140.5 1 1 0
A -14521.6 8094.6 278.6 133.9 1 1 0 419.1 139.2 1 1 0
A -14613.5 8055.7 277.6 131.1 1 1 0 396.8 137.8 1 1 0
A -14707.8 8023.0 275.7 128.6 1 1 0 374.5 136.1 1 1 0
A -14803.8 7997.1 272.1 126.4 1 1 0 352.5 134.2 1 1 0
A -14901.2 7978.1 266.4 124.4 1 1 0 331.0 132.2 1 1 0
A -14999.3 7966.7 258.8 122.6 1 1 0 310.3 130.0 1 1 0
A -15097.7 7962.3 249.1 120.7 1 1 0 290.2 128.3 1 1 0
A -15195.9 7965.3 237.9 118.8 1 1 0 270.7 126.7 1 1 0
A -15293.9 7975.1 225.3 116.8 1 1 0 251.3 125.7 1 1 0
A -15391.6 7990.6 212.0 114.6 1 1 0 231.5 124.9 1 1 0
A -15488.9 8011.8 198.4 112.2 1 1 0 212.1 124.1 1 1 0
A -15585.3 8038.3 184.7 109.9 1 1 0 193.0 123.2 1 1 0
A -15680.8 8069.1 170.1 108.4 1 1 0 174.6 122.3 1 1 0
A -15775.4 8102.7 154.4 107.3 1 1 0 156.9 121.4 1 1 0
A -15869.3 8138.3 138.2 106.2 1 1 0 139.1 120.6 1 1 0
A -15962.8 8174.9 122.2 105.2 1 1 0 121.7 119.7 1 1 0
A -16056.1 8212.1 105.6 104.5 1 1 0 104.5 118.3 1 1 0
A -16149.4 8249.3 88.4 103.6 1 1 0 87.7 115.3 1 1 1
A -16242.6 8286.7 72.0 102.4 1 1 0 71.8 111.2 1 1 1
A -16335.8 8324.1 56.7 101.2 1 1 0 56.2 106.8 1 1 1
A -16429.1 8361.4 41.3 100.1 1 1 0 41.7 102.0 1 1 1
A -16522.4 8398.3 27.9 98.1 1 1 0 28.8 96.4 1 1 1
A -16615.9 8435.1 18.6 95.2 1 1 0 18.4 89.8 1 1 1
A -16709.4 8471.8 12.9 91.8 1 1 0 11.9 80.8 1 1 1
A -16802.9 8508.6 7.3 87.5 1 1 1 7.4 73.6 1 1 1
A -16896.3 8545.3 1.9 80.2 1 1 1 2.0 65.7 1 1 1
APPROACH BEYOND 136  # x z | low: y m/s gear flap spoiler | high: y m/s gear flap spoiler
A -23296.2 11392.6 166.4 228.3 0 0 0 2267.6 261.2 0 0 0
A -23198.4 11370.4 165.7 228.5 0 0 0 2232.9 262.5 0 0 0
A -23100.5 11348.5 164.8 228.7 0 0 0 2197.8 263.8 0 0 0
A -23002.6 11326.8 163.9 228.8 0 0 0 2162.1 265.1 0 0 0
A -22904.6 11305.4 163.1 229.0 0 0 0 2126.1 266.3 0 0 0
A -22806.5 11284.1 162.3 229.2 0 0 0 2089.7 267.6 0 0 0
A -22708.5 11262.9 161.4 229.4 0 0 0 2053.3 268.8 0 0 0
A -22610.4 11241.6 160.4 229.5 0 0 0 2016.9 270.0 0 0 0
A -22512.4 11220.1 159.3 229.7 0 0 0 1980.3 271.1 0 0 0
A -22414.5 11198.5 158.1 229.9 0 0 0 1943.5 272.3 0 0 0
A -22316.5 11176.9 157.0 230.0 0 0 0 1906.3 273.4 0 0 0
A -22218.6 11155.1 155.8 230.2 0 0 0 1868.9 274.5 0 0 0
A -22120.7 11133.3 154.7 230.4 0 0 0 1831.3 275.6 0 0 0
A -22022.8 11111.5 153.5 230.5 0 0 0 1793.4 276.7 0 0 0
A -21924.9 11089.6 152.4 230.7 0 0 0 1755.3 277.7 0 0 0
A -21827.0 11067.7 151.2 230.8 0 0 0 1717.0 278.8 0 0 0
A -21729.1 11045.8 150.1 231.0 0 0 0 1678.6 279.8 0 0 0
A -21631.2 11024.0 148.9 231.1 0 0 0 1640.1 280.8 0 0 0
A -21533.2 11002.2 147.7 231.3 0 0 0 1601.7 281.8 0 0 0
A -21435.3 10980.5 146.6 231.4 0 0 0 1563.2 282.7 0 0 0
A -21337.4 10958.7 145.4 231.6 0 0 0 1524.8 283.6 0 0 0
A -21239.4 10937.0 144.3 231.7 0 0 0 1486.4 284.5 0 0 0
A -21141.5 10915.4 143.1 231.8 0 0 0 1447.9 285.4 0 0 0
A -21043.5 10893.8 142.0 232.0 0 0 0 1409.5 286.2 0 0 0
A -20945.6 10872.2 140.8 232.1 0 0 0 1371.1 287.0 0 0 0
A -20847.6 10850.6 139.7 232.2 0 0 0 1332.7 287.9 0 0 0
A -20749.6 10829.1 138.5 232.4 0 0 0 1294.3 288.6 0 0 0
A -20651.6 10807.6 137.4 232.5 0 0 0 1256.0 289.4 0 0 0
A -20553.6 10786.1 136.3 232.6 0 0 0 1217.8 290.1 0 0 0
A -20455.7 10764.7 135.2 232.6 0 0 0 1179.5 290.8 0 0 0
A -20357.7 10743.3 134.1 232.6 0 0 0 1141.3 291.5 0 0 0
A -20259.7 10721.8 133.2 232.6 0 0 0 1103.1 292.2 0 0 0
A -20161.6 10700.5 132.4 232.5 0 0 0 1064.9 292.8 0 0 0
A -20063.6 10679.3 131.3 232.5 0 0 0 1026.7 293.4 0 0 0
A -19965.5 10658.3 130.1 232.6 0 0 0 988.4 293.8 0 0 0
A -19867.4 10637.4 128.7 232.6 0 0 0 950.1 294.1 0 0 0
A -19769.3 10616.7 127.1 232.6 0 0 0 911.9 294.1 0 0 0
A -19671.1 10596.2 125.3 232.6 0 0 0 873.6 293.8 0 0 0
A -19572.9 10575.9 123.4 232.7 0 0 0 835.4 293.5 0 0 0
A -19474.6 10555.7 121.4 232.7 0 0 0 797.3 293.1 0 0 0
A -19376.4 10535.7 119.6 232.7 0 0 0 759.4 292.5 0 0 0
A -19278.0 10516.0 117.9 232.7 0 0 0 721.7 291.9 0 0 0
A -19179.7 10496.4 116.4 232.7 0 0 0 684.2 291.0 0 0 0
A -19081.3 10477.1 115.0 232.7 0 0 0 647.1 290.1 0 0 0
A -18982.9 10457.9 113.9 232.7 0 0 0 610.6 289.1 0 0 0
A -18884.5 10439.0 112.9 232.7 0 0 0 574.5 288.1 0 0 0
A -18786.0 10420.3 112.1 232.7 0 0 0 539.0 287.1 0 0 0
A -18687.5 10401.8 111.5 232.6 0 0 0 503.9 286.0 0 0 0
A -18589.0 10383.5 111.3 232.6 0 0 0 469.5 284.9 0 0 0
A -18490.4 10365.6 111.5 232.5 0 0 0 436.0 283.8 0 0 0
A -18391.8 10348.0 112.0 232.4 0 0 0 403.4 282.6 0 0 0
A -18293.1 10330.7 112.6 232.3 0 0 0 371.7 281.5 0 0 0
A -18194.4 10313.8 113.3 232.2 0 0 0 341.1 280.3 0 0 0
A -18095.6 10297.4 113.9 232.1 0 0 0 311.7 279.0 0 0 0
A -17996.8 10281.5 114.4 232.1 0 0 0 284.0 277.7 0 0 0
A -17898.0 10266.3 114.7 232.0 0 0 0 258.1 276.3 0 0 0
A -17799.1 10251.5 114.7 232.0 0 0 0 234.6 274.8 0 0 0
A -17700.2 10237.3 114.7 231.9 0 0 0 213.5 273.2 0 0 0
A -17601.2 10223.6 114.6 231.9 0 0 0 194.9 271.6 0 0 0
A -17502.2 10210.2 114.6 231.8 0 0 0 178.5 269.9 0 0 0
A -17403.3 10196.9 114.9 231.7 0 0 0 164.4 268.2 0 0 0
A -17304.3 10183.7 115.7 231.3 0 0 0 152.8 266.3 0 0 0
A -17205.3 10170.6 117.2 230.8 0 1 0 144.1 264.3 0 0 0
A -17106.3 10157.6 119.3 230.1 0 1 0 138.1 262.2 0 0 0
A -17007.3 10144.5 121.9 229.2 0 1 0 134.2 260.2 0 0 0
A -16908.4 10131.6 125.0 228.3 0 1 0 132.0 258.2 0 0 0
A -16809.4 10118.6 128.2 227.2 0 1 0 131.3 256.2 0 0 0
A -16710.4 10105.6 131.6 225.9 0 1 0 131.7 254.1 0 0 0
A -16611.4 10092.6 135.5 224.2 0 1 0 132.9 252.1 0 0 0
A -16512.4 10079.6 139.8 222.3 0 1 0 134.5 250.0 0 0 0
A -16413.4 10066.6 144.8 220.0 0 1 0 136.4 248.0 0 0 0
A -16314.4 10053.5 150.2 217.2 1 1 0 138.7 245.7 0 0 0
A -16215.5 10040.4 155.8 213.9 1 1 0 141.2 243.3 0 1 0
A -16116.5 10027.2 161.3 210.2 1 1 0 143.7 240.8 0 1 0
A -16017.5 10014.0 166.8 206.4 1 1 0 146.2 238.1 0 1 0
A -15918.5 10000.7 172.3 202.6 1 1 0 148.7 235.2 0 1 0
A -15819.6 9987.4 177.7 198.9 1 1 0 151.2 232.0 1 1 0
A -15720.6 9974.0 182.6 195.3 1 1 0 153.8 228.5 1 1 0
A -15621.7 9960.6 187.2 191.8 1 1 0 156.4 224.8 1 1 0
A -15522.8 9946.8 191.6 188.3 1 1 0 159.0 221.1 1 1 0
A -15423.9 9931.9 196.3 184.7 1 1 0 161.5 216.9 1 1 0
A -15325.2 9915.3 201.3 181.1 1 1 0 163.9 211.7 1 1 0
A -15226.7 9896.6 206.4 177.5 1 1 0 166.2 205.5 1 1 1
A -15128.7 9875.4 211.8 173.6 1 1 0 168.3 198.4 1 1 1
A -15031.4 9851.1 217.4 169.6 1 1 0 170.3 190.9 1 1 1
A -14935.2 9823.0 222.5 165.6 1 1 0 172.3 183.6 1 1 1
A -14840.4 9791.2 226.5 161.7 1 1 0 174.7 176.2 1 1 1
A -14747.6 9754.6 229.1 157.9 1 1 0 179.1 167.8 1 1 1
A -14657.5 9712.2 230.6 154.4 1 1 0 185.9 158.7 1 1 1
A -14570.4 9663.8 231.5 151.1 1 1 0 194.5 149.1 1 1 1
A -14487.3 9608.6 232.6 147.6 1 1 0 203.8 139.4 1 1 1
A -14409.2 9546.5 233.8 144.0 1 1 0 213.3 129.8 1 1 1
A -14337.1 9477.3 234.9 140.3 1 1 0 222.4 121.4 1 1 1
A -14272.1 9401.2 235.6 136.7 1 1 0 230.3 115.1 1 1 0
A -14215.3 9318.8 235.5 133.2 1 1 0 236.7 110.6 1 1 0
A -14167.4 9230.8 234.6 129.9 1 1 0 241.0 106.5 1 1 0
A -14129.0 9138.3 232.9 126.7 1 1 0 243.1 102.7 1 1 0
A -14100.7 9042.1 230.7 123.4 1 1 0 242.9 99.0 1 1 0
A -14082.8 8943.4 228.0 120.3 1 1 0 240.6 95.6 1 1 0
A -14075.4 8843.4 224.7 117.3 1 1 0 236.4 92.6 1 1 0
A -14078.3 8743.3 220.7 114.6 1 1 0 230.3 90.1 1 1 0
A -14091.8 8644.0 215.9 112.0 1 1 0 222.5 87.7 1 1 0
A -14115.8 8546.8 210.6 109.2 1 1 0 213.8 85.6 1 1 0
A -14150.7 8453.0 204.9 106.7 1 1 0 204.9 83.7 1 1 0
A -14196.2 8364.0 199.0 104.4 1 1 0 194.7 82.6 1 1 0
A -14250.9 8280.7 192.4 103.1 1 1 0 182.7 81.7 1 1 0
A -14311.8 8202.9 183.4 102.4 1 1 0 169.6 81.1 1 1 0
A -14377.1 8130.2 172.9 101.6 1 1 0 155.8 81.4 1 1 0
A -14446.4 8063.1 162.9 100.0 1 1 0 141.8 81.4 1 1 0
A -14522.1 8004.8 155.2 97.0 1 1 0 129.2 81.7 1 1 0
A -14604.3 7957.3 148.9 94.4 1 1 0 117.3 82.4 1 1 0
A -14691.2 7920.8 143.9 92.5 1 1 0 105.6 83.1 1 1 0
A -14780.9 7895.1 139.1 91.0 1 1 0 94.7 83.7 1 1 0
A -14872.1 7879.8 134.7 89.5 1 1 0 85.3 83.9 1 1 0
A -14963.5 7874.2 130.6 88.2 1 1 0 78.4 83.9 1 1 0
A -15054.1 7877.7 126.4 87.0 1 1 0 74.0 84.0 1 1 0
A -15144.1 7888.1 122.5 85.6 1 1 0 71.1 85.2 1 1 0
A -15234.6 7903.6 118.7 84.2 1 1 0 68.1 86.8 1 1 0
A -15325.9 7923.4 114.8 82.6 1 1 0 65.1 87.8 1 1 0
A -15417.5 7948.4 111.3 80.6 1 1 0 61.8 88.5 1 1 0
A -15509.4 7978.6 108.1 78.6 1 1 0 58.3 89.1 1 1 0
A -15601.1 8013.6 103.7 77.2 1 1 0 54.8 89.6 1 1 0
A -15692.9 8051.6 97.7 76.2 1 1 0 52.5 89.5 1 1 0
A -15784.9 8091.0 90.0 75.6 1 1 0 51.7 89.1 1 1 0
A -15877.0 8130.7 80.9 74.9 1 1 0 51.3 89.2 1 1 0
A -15969.0 8170.7 70.3 75.8 1 1 0 50.3 89.6 1 1 0
A -16060.8 8210.8 59.7 76.5 1 1 0 48.2 90.5 1 1 0
A -16152.5 8251.0 49.8 76.6 1 1 0 44.5 90.9 1 1 0
A -16244.5 8290.3 40.5 77.2 1 1 0 40.6 91.3 1 1 0
A -16337.0 8328.4 32.8 77.7 1 1 0 37.0 91.2 1 1 0
A -16430.1 8365.4 26.2 78.0 1 1 0 32.8 90.4 1 1 0
A -16523.6 8401.8 20.1 78.3 1 1 0 26.1 88.7 1 1 0
A -16617.1 8438.0 14.6 78.1 1 1 0 18.6 86.6 1 1 0
A -16710.6 8474.5 9.9 76.2 1 1 0 11.5 84.0 1 1 0
A -16804.0 8511.0 5.8 72.9 1 1 0 5.9 80.8 1 1 0
A -16897.5 8547.5 1.9 66.3 1 1 1 1.9 76.4 1 1 1
REARM SUPPLY_CONTAINER_1 -17722.8 9137.6 75.1 -17704.0 9156.5  # stop x z heading, supply object x z
ROUTE SUPPLY_CONTAINER_1 IN 332 # x z user m/s
R -16930.4 8559.6 68.5
R -16934.1 8561.0 68.5
R -16937.7 8562.5 68.5
R -16941.4 8563.9 68.5
R -16945.0 8565.3 68.5
R -16948.7 8566.7 68.5
R -16952.3 8568.2 68.5
R -16956.0 8569.6 68.5
R -16959.6 8571.0 68.5
R -16963.3 8572.5 68.5
R -16966.9 8573.9 68.5
R -16970.6 8575.3 68.5
R -16974.2 8576.7 68.5
R -16977.9 8578.2 68.5
R -16981.6 8579.6 68.5
R -16985.2 8581.0 68.5
R -16988.9 8582.4 68.5
R -16992.5 8583.9 68.5
R -16996.2 8585.3 68.5
R -16999.8 8586.7 68.5
R -17003.5 8588.2 68.5
R -17007.1 8589.6 68.5
R -17010.8 8591.0 68.5
R -17014.4 8592.4 68.5
R -17018.1 8593.9 68.5
R -17021.7 8595.3 68.5
R -17025.4 8596.7 68.5
R -17029.0 8598.1 68.5
R -17032.7 8599.6 68.5
R -17036.3 8601.0 68.5
R -17040.0 8602.4 68.5
R -17043.6 8603.9 68.5
R -17047.3 8605.3 68.5
R -17051.0 8606.7 68.5
R -17054.6 8608.1 68.5
R -17058.3 8609.6 68.5
R -17061.9 8611.0 68.5
R -17065.6 8612.4 68.5
R -17069.2 8613.8 68.5
R -17072.9 8615.3 68.5
R -17076.5 8616.7 68.5
R -17080.2 8618.1 68.5
R -17083.8 8619.6 68.5
R -17087.5 8621.0 68.5
R -17091.1 8622.4 68.5
R -17094.8 8623.8 68.5
R -17098.4 8625.3 68.5
R -17102.1 8626.7 68.5
R -17105.7 8628.1 68.5
R -17109.4 8629.5 68.5
R -17113.0 8631.0 68.5
R -17116.7 8632.4 68.5
R -17127.4 8636.6 68.0
R -17129.0 8637.3 67.7
R -17130.6 8637.9 67.3
R -17134.4 8639.4 67.0
R -17137.2 8640.5 66.6
R -17140.3 8641.7 66.3
R -17143.7 8643.0 65.9
R -17147.1 8644.3 65.6
R -17150.6 8645.7 65.3
R -17154.2 8647.1 64.9
R -17157.8 8648.5 64.6
R -17161.4 8650.0 64.3
R -17165.1 8651.4 64.0
R -17168.8 8652.8 63.6
R -17172.5 8654.3 63.3
R -17176.3 8655.8 63.0
R -17180.0 8657.2 62.7
R -17183.7 8658.7 62.5
R -17187.4 8660.1 62.2
R -17191.2 8661.6 61.9
R -17194.9 8663.0 61.6
R -17198.6 8664.5 61.3
R -17202.3 8665.9 61.0
R -17206.1 8667.4 60.8
R -17209.8 8668.9 60.5
R -17213.5 8670.3 60.2
R -17217.2 8671.8 60.0
R -17221.0 8673.2 59.7
R -17224.7 8674.7 59.4
R -17228.4 8676.1 59.2
R -17232.1 8677.6 58.9
R -17235.9 8679.0 58.7
R -17239.6 8680.5 58.4
R -17243.3 8681.9 58.1
R -17247.1 8683.4 57.9
R -17250.8 8684.8 57.6
R -17254.5 8686.3 57.4
R -17258.2 8687.8 57.1
R -17262.0 8689.2 56.9
R -17265.7 8690.7 56.6
R -17269.4 8692.1 56.4
R -17273.1 8693.6 56.1
R -17276.9 8695.0 55.9
R -17280.6 8696.5 55.6
R -17284.3 8697.9 55.4
R -17288.0 8699.4 55.1
R -17291.8 8700.8 54.9
R -17295.5 8702.3 54.6
R -17299.2 8703.7 54.4
R -17303.0 8705.2 54.1
R -17306.7 8706.6 53.9
R -17310.4 8708.1 53.6
R -17314.1 8709.5 53.3
R -17317.9 8711.0 53.1
R -17321.6 8712.4 52.8
R -17325.3 8713.9 52.5
R -17329.0 8715.3 52.3
R -17332.8 8716.8 52.0
R -17336.5 8718.2 51.7
R -17340.2 8719.7 51.4
R -17344.0 8721.2 51.2
R -17347.7 8722.6 50.9
R -17351.4 8724.1 50.6
R -17355.1 8725.5 50.3
R -17358.9 8727.0 50.1
R -17362.6 8728.4 49.8
R -17366.3 8729.9 49.5
R -17370.0 8731.3 49.2
R -17373.8 8732.8 49.0
R -17377.5 8734.2 48.7
R -17381.2 8735.7 48.4
R -17384.9 8737.1 48.1
R -17388.7 8738.6 47.9
R -17392.4 8740.0 47.6
R -17396.1 8741.5 47.3
R -17399.9 8742.9 47.0
R -17403.6 8744.4 46.7
R -17407.3 8745.8 46.5
R -17411.0 8747.3 46.2
R -17414.8 8748.7 45.9
R -17418.5 8750.2 45.6
R -17422.2 8751.6 45.3
R -17426.0 8753.1 45.0
R -17429.7 8754.5 44.7
R -17433.4 8756.0 44.5
R -17437.1 8757.4 44.2
R -17440.9 8758.9 43.9
R -17444.6 8760.3 43.6
R -17448.3 8761.8 43.3
R -17452.1 8763.2 43.0
R -17455.8 8764.7 42.7
R -17459.5 8766.1 42.4
R -17463.3 8767.5 42.1
R -17467.0 8769.0 41.8
R -17470.7 8770.4 41.5
R -17474.4 8771.9 41.2
R -17478.2 8773.3 40.9
R -17481.9 8774.8 40.6
R -17485.6 8776.2 40.4
R -17489.4 8777.7 40.2
R -17493.1 8779.1 40.0
R -17496.8 8780.6 39.8
R -17500.5 8782.0 39.6
R -17504.3 8783.5 39.4
R -17508.0 8784.9 39.2
R -17511.7 8786.4 39.0
R -17515.4 8787.8 38.8
R -17519.2 8789.3 38.5
R -17522.9 8790.8 38.2
R -17526.6 8792.2 37.9
R -17530.3 8793.7 37.5
R -17534.1 8795.1 37.2
R -17537.8 8796.6 36.9
R -17541.5 8798.0 36.6
R -17545.2 8799.5 36.2
R -17549.0 8801.0 35.9
R -17552.7 8802.4 35.6
R -17556.4 8803.9 35.2
R -17560.1 8805.4 34.9
R -17563.9 8806.8 34.6
R -17567.6 8808.3 34.3
R -17571.3 8809.7 34.0
R -17575.0 8811.2 33.8
R -17578.8 8812.7 33.6
R -17582.5 8814.1 33.4
R -17586.2 8815.6 33.3
R -17589.9 8817.1 33.1
R -17593.6 8818.5 32.9
R -17597.4 8820.0 32.7
R -17601.1 8821.5 32.6
R -17604.8 8822.9 32.4
R -17608.5 8824.4 32.3
R -17612.2 8825.8 32.2
R -17616.0 8827.3 32.2
R -17619.7 8828.8 32.1
R -17623.4 8830.2 32.1
R -17627.1 8831.7 32.1
R -17630.9 8833.2 32.0
R -17634.6 8834.6 32.0
R -17638.3 8836.1 32.0
R -17642.0 8837.6 32.0
R -17645.8 8839.0 31.9
R -17649.5 8840.5 31.9
R -17653.2 8841.9 31.9
R -17656.9 8843.4 31.9
R -17660.6 8844.9 31.8
R -17664.4 8846.3 31.8
R -17668.1 8847.8 31.8
R -17671.8 8849.2 31.8
R -17675.5 8850.7 31.7
R -17679.3 8852.2 31.7
R -17683.0 8853.6 31.7
R -17686.7 8855.1 31.7
R -17690.4 8856.6 31.6
R -17694.2 8858.0 31.4
R -17697.9 8859.5 31.3
R -17701.6 8860.9 31.1
R -17705.3 8862.4 30.9
R -17709.1 8863.9 30.7
R -17712.8 8865.3 30.5
R -17716.5 8866.8 30.3
R -17720.2 8868.2 30.1
R -17723.9 8869.7 29.9
R -17727.7 8871.2 29.7
R -17731.4 8872.6 29.5
R -17735.1 8874.1 29.3
R -17738.8 8875.5 29.1
R -17742.6 8877.0 28.9
R -17746.3 8878.5 28.7
R -17750.0 8879.9 28.5
R -17753.7 8881.4 28.3
R -17757.5 8882.9 28.1
R -17761.2 8884.3 27.9
R -17764.9 8885.8 27.7
R -17768.6 8887.2 27.6
R -17772.4 8888.7 27.3
R -17776.1 8890.2 27.1
R -17779.8 8891.6 26.8
R -17783.5 8893.1 26.5
R -17787.3 8894.5 26.1
R -17791.0 8896.0 25.8
R -17794.7 8897.4 25.5
R -17798.4 8898.9 25.3
R -17802.2 8900.3 25.1
R -17805.9 8901.7 24.9
R -17809.6 8903.2 24.6
R -17813.4 8904.6 24.3
R -17817.1 8906.0 23.9
R -17820.9 8907.5 23.5
R -17824.6 8908.9 23.1
R -17828.3 8910.3 22.7
R -17832.0 8911.8 22.3
R -17835.8 8913.2 21.8
R -17839.5 8914.7 21.4
R -17843.2 8916.2 20.9
R -17846.9 8917.7 20.5
R -17850.6 8919.3 20.0
R -17854.2 8921.0 19.5
R -17858.0 8922.8 19.0
R -17861.9 8924.6 18.5
R -17865.7 8926.6 18.0
R -17869.5 8928.7 17.6
R -17873.1 8931.0 17.3
R -17876.6 8933.4 17.2
R -17879.8 8935.9 17.2
R -17882.7 8938.6 17.1
R -17885.3 8941.4 16.8
R -17887.5 8944.3 16.5
R -17890.2 8948.1 16.4
R -17891.1 8950.6 16.4
R -17892.5 8953.9 16.3
R -17893.5 8957.3 16.0
R -17894.0 8960.9 15.7
R -17894.2 8964.5 15.3
R -17894.0 8968.0 15.1
R -17893.5 8971.6 15.1
R -17892.8 8975.3 15.1
R -17891.9 8978.9 15.1
R -17890.8 8982.5 14.8
R -17889.6 8986.0 14.5
R -17888.4 8989.6 14.1
R -17887.1 8993.2 14.0
R -17885.6 8996.7 14.0
R -17883.9 9000.2 14.0
R -17882.0 9003.6 14.0
R -17880.0 9006.9 14.0
R -17877.9 9010.0 14.0
R -17875.5 9013.0 14.0
R -17873.0 9015.9 14.0
R -17870.4 9018.6 14.0
R -17867.5 9021.2 13.9
R -17864.6 9023.6 13.9
R -17861.5 9025.8 13.9
R -17858.3 9027.9 13.9
R -17855.0 9029.9 13.9
R -17851.6 9031.7 13.9
R -17848.1 9033.4 13.8
R -17844.5 9034.9 13.8
R -17840.8 9036.4 13.8
R -17836.9 9037.9 13.8
R -17832.9 9039.4 13.8
R -17828.9 9040.9 13.8
R -17824.9 9042.4 13.8
R -17821.0 9044.1 13.8
R -17817.1 9046.0 13.8
R -17813.3 9048.0 13.9
R -17809.9 9050.2 13.9
R -17806.6 9052.5 13.9
R -17802.4 9055.1 13.9
R -17800.5 9057.9 13.9
R -17797.8 9060.8 14.0
R -17795.2 9063.9 14.0
R -17793.0 9067.1 14.0
R -17790.9 9070.5 14.0
R -17789.0 9073.9 14.0
R -17787.2 9077.4 14.0
R -17785.6 9080.9 13.9
R -17783.9 9084.4 13.9
R -17782.3 9087.9 13.9
R -17780.5 9091.4 13.9
R -17778.5 9094.7 13.9
R -17776.5 9098.0 13.9
R -17774.4 9101.2 13.8
R -17772.1 9104.3 13.8
R -17769.7 9107.3 13.8
R -17767.2 9110.1 13.8
R -17764.5 9112.8 13.8
R -17761.8 9115.4 13.8
R -17758.9 9117.8 13.7
R -17755.9 9120.1 13.7
R -17752.9 9122.2 13.7
R -17749.9 9124.2 13.7
R -17747.0 9126.0 13.3
R -17744.0 9127.7 12.9
R -17741.2 9129.2 12.6
R -17738.7 9130.5 12.2
R -17735.2 9132.1 11.9
R -17733.8 9132.8 11.5
R -17732.4 9133.5 10.7
R -17722.8 9137.6 10.3
ROUTE SUPPLY_CONTAINER_1 OUT 266  # x z user m/s
R -17704.3 9139.9 1.8
R -17703.2 9132.1 5.3
R -17703.5 9130.2 7.0
R -17703.9 9128.2 7.8
R -17704.4 9124.4 8.8
R -17705.2 9120.6 9.8
R -17706.4 9116.9 10.8
R -17708.0 9113.2 11.6
R -17709.7 9109.6 12.4
R -17711.6 9106.1 13.0
R -17713.5 9102.6 13.6
R -17715.7 9099.3 14.0
R -17717.9 9096.0 14.2
R -17720.4 9092.8 14.4
R -17722.9 9089.8 14.5
R -17725.7 9086.9 14.7
R -17728.6 9084.2 14.9
R -17731.6 9081.7 15.0
R -17734.8 9079.3 15.1
R -17738.1 9077.2 15.3
R -17741.6 9075.2 15.5
R -17745.1 9073.3 15.7
R -17748.7 9071.5 15.8
R -17752.3 9069.9 15.9
R -17756.0 9068.3 16.1
R -17759.7 9066.8 16.2
R -17763.5 9065.4 16.2
R -17767.2 9064.0 16.1
R -17771.0 9062.7 16.0
R -17774.8 9061.4 15.8
R -17778.5 9060.1 15.7
R -17782.3 9058.8 15.5
R -17786.1 9057.4 15.4
R -17789.8 9056.1 15.2
R -17793.5 9054.6 15.1
R -17797.2 9053.0 14.9
R -17800.7 9051.2 14.8
R -17804.1 9049.2 14.6
R -17807.3 9046.9 14.4
R -17810.3 9044.3 14.3
R -17812.9 9041.5 13.9
R -17815.2 9038.3 13.4
R -17817.0 9034.9 13.0
R -17818.4 9031.3 12.7
R -17819.3 9027.6 12.5
R -17819.7 9023.7 12.5
R -17819.5 9019.9 12.2
R -17818.9 9016.1 11.9
R -17817.8 9012.4 11.6
R -17816.0 9009.1 11.1
R -17813.9 9006.0 10.7
R -17811.2 9003.3 10.4
R -17808.2 9000.9 10.2
R -17804.9 8998.8 10.1
R -17801.4 8997.0 10.2
R -17797.7 8995.5 10.5
R -17794.0 8994.1 10.8
R -17790.2 8992.8 11.1
R -17786.4 8991.5 11.3
R -17782.6 8990.2 11.5
R -17778.8 8988.9 12.1
R -17775.1 8987.6 12.5
R -17771.3 8986.2 13.3
R -17767.6 8984.8 13.7
R -17763.8 8983.3 14.2
R -17760.1 8981.9 14.7
R -17756.4 8980.4 15.6
R -17752.7 8979.0 16.9
R -17749.0 8977.5 18.1
R -17745.2 8976.0 19.2
R -17741.5 8974.6 20.3
R -17737.8 8973.1 21.3
R -17734.1 8971.6 22.2
R -17730.3 8970.2 23.1
R -17726.6 8968.7 24.0
R -17722.9 8967.3 24.7
R -17719.2 8965.8 25.3
R -17715.4 8964.4 25.8
R -17711.7 8962.9 26.2
R -17708.0 8961.4 26.7
R -17704.3 8960.0 27.5
R -17700.5 8958.5 28.2
R -17696.8 8957.1 29.0
R -17693.1 8955.6 29.7
R -17689.4 8954.1 30.3
R -17685.6 8952.7 31.0
R -17681.9 8951.2 31.6
R -17678.2 8949.8 32.2
R -17674.5 8948.3 32.7
R -17670.7 8946.8 33.2
R -17667.0 8945.4 33.5
R -17663.3 8943.9 33.8
R -17659.6 8942.4 34.1
R -17655.9 8941.0 34.4
R -17652.1 8939.5 34.4
R -17648.4 8938.1 34.3
R -17644.7 8936.6 34.3
R -17641.0 8935.1 34.3
R -17637.2 8933.7 34.3
R -17633.5 8932.2 34.2
R -17629.8 8930.8 34.2
R -17626.1 8929.3 34.2
R -17622.3 8927.8 34.2
R -17618.6 8926.4 34.2
R -17614.9 8924.9 34.1
R -17611.2 8923.5 34.1
R -17607.4 8922.0 34.1
R -17603.7 8920.6 34.1
R -17600.0 8919.1 34.0
R -17596.3 8917.7 34.0
R -17592.5 8916.2 34.0
R -17588.8 8914.7 34.0
R -17585.1 8913.3 34.0
R -17581.4 8911.8 34.1
R -17577.6 8910.4 34.2
R -17573.9 8908.9 34.3
R -17570.2 8907.5 34.5
R -17566.5 8906.0 34.7
R -17562.7 8904.5 34.9
R -17559.0 8903.1 35.2
R -17555.3 8901.6 35.3
R -17551.6 8900.2 35.3
R -17547.8 8898.7 35.3
R -17544.1 8897.3 35.3
R -17540.4 8895.8 35.2
R -17536.7 8894.3 35.2
R -17532.9 8892.9 35.2
R -17529.2 8891.4 35.2
R -17525.5 8890.0 35.2
R -17521.8 8888.5 35.1
R -17518.0 8887.0 35.1
R -17514.3 8885.6 35.1
R -17510.6 8884.1 35.1
R -17506.9 8882.7 35.0
R -17503.1 8881.2 35.0
R -17499.4 8879.8 35.0
R -17495.7 8878.3 35.0
R -17492.0 8876.8 34.9
R -17488.2 8875.4 34.9
R -17484.5 8873.9 34.9
R -17480.8 8872.5 34.9
R -17477.1 8871.0 34.8
R -17473.3 8869.5 34.8
R -17469.6 8868.1 34.8
R -17465.9 8866.6 34.8
R -17462.2 8865.2 34.8
R -17458.4 8863.7 34.7
R -17454.7 8862.2 34.7
R -17451.0 8860.8 34.7
R -17447.3 8859.3 34.7
R -17443.5 8857.9 34.6
R -17439.8 8856.4 34.6
R -17436.1 8854.9 34.6
R -17432.4 8853.5 34.6
R -17428.6 8852.0 34.5
R -17424.9 8850.6 34.5
R -17421.2 8849.1 34.5
R -17417.5 8847.6 34.5
R -17413.8 8846.2 34.4
R -17410.0 8844.7 34.4
R -17406.3 8843.3 34.4
R -17402.6 8841.8 34.4
R -17398.9 8840.4 34.4
R -17395.1 8838.9 34.3
R -17391.4 8837.4 34.3
R -17387.7 8836.0 34.3
R -17384.0 8834.5 34.3
R -17380.2 8833.1 34.2
R -17376.5 8831.6 34.2
R -17372.8 8830.1 34.2
R -17369.1 8828.7 34.2
R -17365.3 8827.2 34.1
R -17361.6 8825.8 34.1
R -17357.9 8824.3 34.1
R -17354.2 8822.8 34.1
R -17350.4 8821.4 34.1
R -17346.7 8819.9 34.0
R -17343.0 8818.5 34.0
R -17339.3 8817.0 34.1
R -17335.5 8815.5 34.1
R -17331.8 8814.1 34.1
R -17328.1 8812.6 34.2
R -17324.4 8811.2 34.2
R -17320.6 8809.7 34.2
R -17316.9 8808.3 34.2
R -17313.2 8806.8 34.2
R -17309.5 8805.3 34.2
R -17305.7 8803.9 34.2
R -17302.0 8802.4 34.0
R -17298.3 8801.0 33.9
R -17294.6 8799.5 33.8
R -17290.8 8798.1 33.6
R -17287.1 8796.6 33.4
R -17283.4 8795.2 33.3
R -17279.7 8793.7 33.1
R -17275.9 8792.2 33.0
R -17272.2 8790.8 32.8
R -17268.5 8789.3 32.6
R -17264.8 8787.9 32.5
R -17261.0 8786.4 32.3
R -17257.3 8785.0 32.1
R -17253.6 8783.5 31.9
R -17249.9 8782.1 31.7
R -17246.1 8780.6 31.4
R -17242.4 8779.1 31.1
R -17238.7 8777.7 30.8
R -17235.0 8776.2 30.5
R -17231.2 8774.8 30.2
R -17227.5 8773.3 29.8
R -17223.8 8771.9 29.5
R -17220.1 8770.4 29.2
R -17216.3 8768.9 28.8
R -17212.6 8767.5 28.5
R -17208.9 8766.0 28.1
R -17205.1 8764.6 27.8
R -17201.4 8763.1 27.4
R -17197.7 8761.7 27.0
R -17194.0 8760.2 26.7
R -17190.2 8758.8 26.3
R -17186.5 8757.3 25.9
R -17182.8 8755.9 25.5
R -17179.1 8754.4 25.1
R -17175.3 8753.0 24.8
R -17171.6 8751.5 24.4
R -17167.9 8750.1 24.0
R -17164.1 8748.6 23.5
R -17160.4 8747.2 23.1
R -17156.7 8745.7 22.7
R -17153.0 8744.2 22.3
R -17149.3 8742.8 21.8
R -17145.6 8741.2 21.4
R -17141.9 8739.6 20.9
R -17138.3 8737.9 20.4
R -17134.8 8736.0 20.1
R -17131.4 8734.0 19.8
R -17128.2 8731.7 19.6
R -17125.1 8729.2 19.3
R -17122.2 8726.5 19.1
R -17119.6 8723.6 18.8
R -17117.2 8720.4 18.6
R -17115.1 8717.1 18.3
R -17113.3 8713.6 18.0
R -17111.7 8710.0 17.7
R -17110.6 8706.2 17.5
R -17109.8 8702.4 17.2
R -17109.3 8698.5 16.7
R -17109.3 8694.6 16.1
R -17109.5 8690.6 15.5
R -17110.1 8686.7 14.9
R -17110.9 8682.8 14.5
R -17111.8 8678.9 14.2
R -17113.0 8675.1 13.8
R -17114.3 8671.4 13.1
R -17115.9 8667.7 12.8
R -17117.7 8664.2 12.7
R -17119.7 8660.8 12.7
R -17122.0 8657.7 12.7
R -17124.7 8654.9 12.7
R -17127.7 8652.4 12.7
R -17130.9 8650.4 12.7
R -17134.4 8648.8 12.7
R -17138.1 8647.7 12.6
R -17141.9 8647.0 12.6
R -17143.9 8646.6 12.6
R -17145.8 8646.3 12.6
R -17153.7 8646.9 12.6
REARM TRUCK_2 -18081.2 9260.1 125.7 -18065.2 9268.8  # stop x z heading, supply object x z
ROUTE TRUCK_2 IN 448 # x z user m/s
R -16856.6 8529.0 85.5
R -16860.3 8530.4 85.5
R -16863.9 8531.9 85.5
R -16867.6 8533.3 85.5
R -16871.2 8534.7 85.5
R -16874.9 8536.1 85.5
R -16878.5 8537.6 85.5
R -16882.2 8539.0 85.5
R -16885.8 8540.4 85.5
R -16889.5 8541.9 85.5
R -16893.1 8543.3 85.5
R -16896.8 8544.7 85.5
R -16900.4 8546.1 85.5
R -16904.1 8547.6 85.5
R -16907.8 8549.0 85.5
R -16911.4 8550.4 85.5
R -16915.1 8551.8 85.5
R -16918.7 8553.3 85.5
R -16922.4 8554.7 85.5
R -16926.0 8556.1 85.5
R -16929.7 8557.6 85.5
R -16933.3 8559.0 85.5
R -16937.0 8560.4 85.5
R -16940.6 8561.8 85.5
R -16944.3 8563.3 85.5
R -16947.9 8564.7 85.5
R -16951.6 8566.1 85.5
R -16955.2 8567.5 85.5
R -16958.9 8569.0 85.5
R -16962.5 8570.4 85.5
R -16966.2 8571.8 85.5
R -16969.8 8573.3 85.5
R -16973.5 8574.7 85.5
R -16977.2 8576.1 85.5
R -16980.8 8577.5 85.5
R -16984.5 8579.0 85.5
R -16988.1 8580.4 85.5
R -16991.8 8581.8 85.5
R -16995.4 8583.2 85.5
R -16999.1 8584.7 85.5
R -17002.7 8586.1 85.5
R -17006.4 8587.5 85.5
R -17010.0 8589.0 85.5
R -17013.7 8590.4 85.5
R -17017.3 8591.8 85.5
R -17021.0 8593.2 85.5
R -17024.6 8594.7 85.5
R -17028.3 8596.1 85.5
R -17031.9 8597.5 85.5
R -17035.6 8598.9 85.5
R -17039.2 8600.4 85.5
R -17042.9 8601.8 85.5
R -17053.7 8606.0 85.3
R -17055.3 8606.6 85.0
R -17056.9 8607.2 84.8
R -17060.7 8608.7 84.5
R -17063.5 8609.8 84.2
R -17066.6 8611.0 83.9
R -17070.0 8612.3 83.5
R -17073.4 8613.6 83.2
R -17076.9 8615.0 82.9
R -17080.5 8616.4 82.6
R -17084.1 8617.8 82.3
R -17087.7 8619.2 82.0
R -17091.4 8620.7 81.7
R -17095.1 8622.1 81.4
R -17098.9 8623.5 81.1
R -17102.6 8625.0 80.8
R -17106.3 8626.4 80.5
R -17110.0 8627.9 80.2
R -17113.8 8629.3 79.9
R -17117.5 8630.8 79.6
R -17121.2 8632.2 79.3
R -17124.9 8633.7 79.0
R -17128.7 8635.1 78.7
R -17132.4 8636.6 78.5
R -17136.1 8638.0 78.2
R -17139.9 8639.5 77.9
R -17143.6 8640.9 77.6
R -17147.3 8642.4 77.4
R -17151.0 8643.8 77.1
R -17154.8 8645.3 76.8
R -17158.5 8646.7 76.6
R -17162.2 8648.2 76.3
R -17165.9 8649.6 76.0
R -17169.7 8651.1 75.8
R -17173.4 8652.5 75.5
R -17177.1 8654.0 75.2
R -17180.9 8655.4 75.0
R -17184.6 8656.9 74.7
R -17188.3 8658.3 74.5
R -17192.0 8659.8 74.2
R -17195.8 8661.2 73.9
R -17199.5 8662.7 73.7
R -17203.2 8664.1 73.4
R -17207.0 8665.6 73.2
R -17210.7 8667.0 72.9
R -17214.4 8668.5 72.7
R -17218.1 8669.9 72.4
R -17221.9 8671.4 72.2
R -17225.6 8672.8 71.9
R -17229.3 8674.3 71.6
R -17233.0 8675.7 71.4
R -17236.8 8677.2 71.1
R -17240.5 8678.6 70.9
R -17244.2 8680.1 70.6
R -17248.0 8681.6 70.3
R -17251.7 8683.0 70.1
R -17255.4 8684.5 69.8
R -17259.1 8685.9 69.5
R -17262.9 8687.4 69.2
R -17266.6 8688.8 68.9
R -17270.3 8690.3 68.6
R -17274.0 8691.7 68.3
R -17277.8 8693.2 68.0
R -17281.5 8694.7 67.8
R -17285.2 8696.1 67.5
R -17288.9 8697.6 67.2
R -17292.7 8699.0 66.9
R -17296.4 8700.5 66.6
R -17300.1 8701.9 66.3
R -17303.8 8703.4 66.0
R -17307.6 8704.9 65.7
R -17311.3 8706.3 65.4
R -17315.0 8707.8 65.1
R -17318.7 8709.3 64.8
R -17322.4 8710.7 64.5
R -17326.2 8712.2 64.2
R -17329.9 8713.6 63.9
R -17333.6 8715.1 63.6
R -17337.3 8716.6 63.3
R -17341.1 8718.0 63.0
R -17344.8 8719.5 62.7
R -17348.5 8721.0 62.4
R -17352.2 8722.4 62.1
R -17355.9 8723.9 61.8
R -17359.7 8725.4 61.5
R -17363.4 8726.8 61.2
R -17367.1 8728.3 60.9
R -17370.8 8729.8 60.6
R -17374.6 8731.2 60.3
R -17378.3 8732.7 60.0
R -17382.0 8734.2 59.7
R -17385.7 8735.6 59.3
R -17389.4 8737.1 59.0
R -17393.2 8738.6 58.7
R -17396.9 8740.0 58.4
R -17400.6 8741.5 58.1
R -17404.3 8743.0 57.8
R -17408.1 8744.4 57.5
R -17411.8 8745.9 57.2
R -17415.5 8747.3 56.8
R -17419.2 8748.8 56.5
R -17422.9 8750.3 56.2
R -17426.7 8751.7 55.9
R -17430.4 8753.2 55.6
R -17434.1 8754.7 55.2
R -17437.8 8756.1 54.9
R -17441.6 8757.6 54.6
R -17445.3 8759.0 54.3
R -17449.0 8760.5 53.9
R -17452.7 8762.0 53.6
R -17456.5 8763.4 53.3
R -17460.2 8764.9 52.9
R -17463.9 8766.4 52.6
R -17467.6 8767.8 52.3
R -17471.3 8769.3 51.9
R -17475.1 8770.7 51.6
R -17478.8 8772.2 51.3
R -17482.5 8773.7 51.1
R -17486.2 8775.1 50.9
R -17490.0 8776.6 50.8
R -17493.7 8778.1 50.6
R -17497.4 8779.5 50.5
R -17501.1 8781.0 50.3
R -17504.8 8782.4 50.2
R -17508.6 8783.9 50.0
R -17512.3 8785.4 49.9
R -17516.0 8786.8 49.8
R -17519.7 8788.3 49.6
R -17523.5 8789.8 49.5
R -17527.2 8791.2 49.3
R -17530.9 8792.7 49.2
R -17534.6 8794.1 49.1
R -17538.4 8795.6 48.9
R -17542.1 8797.1 48.8
R -17545.8 8798.5 48.6
R -17549.5 8800.0 48.5
R -17553.2 8801.5 48.4
R -17557.0 8802.9 48.2
R -17560.7 8804.4 48.1
R -17564.4 8805.8 48.0
R -17568.1 8807.3 47.8
R -17571.9 8808.8 47.7
R -17575.6 8810.2 47.5
R -17579.3 8811.7 47.4
R -17583.0 8813.2 47.3
R -17586.8 8814.6 47.1
R -17590.5 8816.1 47.0
R -17594.2 8817.5 46.9
R -17597.9 8819.0 46.7
R -17601.6 8820.5 46.6
R -17605.4 8821.9 46.4
R -17609.1 8823.4 46.3
R -17612.8 8824.9 46.2
R -17616.5 8826.3 46.0
R -17620.3 8827.8 45.9
R -17624.0 8829.2 45.8
R -17627.7 8830.7 45.6
R -17631.4 8832.2 45.5
R -17635.2 8833.6 45.3
R -17638.9 8835.1 45.2
R -17642.6 8836.6 45.1
R -17646.3 8838.0 44.9
R -17650.0 8839.5 44.8
R -17653.8 8840.9 44.6
R -17657.5 8842.4 44.5
R -17661.2 8843.9 44.4
R -17664.9 8845.3 44.2
R -17668.7 8846.8 44.1
R -17672.4 8848.3 43.9
R -17676.1 8849.7 43.8
R -17679.8 8851.2 43.6
R -17683.6 8852.7 43.5
R -17687.3 8854.1 43.4
R -17691.0 8855.6 43.2
R -17694.7 8857.0 43.1
R -17698.4 8858.5 42.9
R -17702.2 8860.0 42.8
R -17705.9 8861.4 42.7
R -17709.6 8862.9 42.5
R -17713.3 8864.4 42.4
R -17717.1 8865.8 42.2
R -17720.8 8867.3 42.1
R -17724.5 8868.7 41.9
R -17728.2 8870.2 41.8
R -17732.0 8871.7 41.7
R -17735.7 8873.1 41.5
R -17739.4 8874.6 41.4
R -17743.1 8876.1 41.2
R -17746.8 8877.5 41.1
R -17750.6 8879.0 40.9
R -17754.3 8880.4 40.8
R -17758.0 8881.9 40.6
R -17761.7 8883.4 40.5
R -17765.5 8884.8 40.4
R -17769.2 8886.3 40.2
R -17772.9 8887.8 40.1
R -17776.6 8889.2 39.9
R -17780.4 8890.7 39.8
R -17784.1 8892.1 39.6
R -17787.8 8893.6 39.5
R -17791.5 8895.1 39.3
R -17795.2 8896.5 39.2
R -17799.0 8898.0 39.0
R -17802.7 8899.5 38.9
R -17806.4 8900.9 38.7
R -17810.1 8902.4 38.6
R -17813.9 8903.8 38.4
R -17817.6 8905.3 38.3
R -17821.3 8906.8 38.1
R -17825.0 8908.2 38.0
R -17828.8 8909.7 37.8
R -17832.5 8911.2 37.7
R -17836.2 8912.6 37.5
R -17839.9 8914.1 37.4
R -17843.6 8915.5 37.2
R -17847.4 8917.0 37.1
R -17851.1 8918.5 36.9
R -17854.8 8919.9 36.7
R -17858.5 8921.4 36.6
R -17862.3 8922.9 36.4
R -17866.0 8924.3 36.3
R -17869.7 8925.8 36.1
R -17873.4 8927.2 36.0
R -17877.1 8928.7 35.8
R -17880.9 8930.2 35.6
R -17884.6 8931.6 35.5
R -17888.3 8933.1 35.3
R -17892.0 8934.6 35.2
R -17895.8 8936.0 35.0
R -17899.5 8937.5 34.9
R -17903.2 8938.9 34.7
R -17906.9 8940.4 34.5
R -17910.7 8941.9 34.4
R -17914.4 8943.3 34.2
R -17918.1 8944.8 34.0
R -17921.8 8946.3 33.9
R -17925.5 8947.7 33.7
R -17929.3 8949.2 33.5
R -17933.0 8950.6 33.4
R -17936.7 8952.1 33.2
R -17940.4 8953.6 33.0
R -17944.2 8955.0 32.9
R -17947.9 8956.5 32.7
R -17951.6 8958.0 32.5
R -17955.3 8959.4 32.4
R -17959.1 8960.9 32.2
R -17962.8 8962.3 32.0
R -17966.5 8963.8 31.8
R -17970.2 8965.3 31.7
R -17973.9 8966.7 31.5
R -17977.7 8968.2 31.3
R -17981.4 8969.7 31.1
R -17985.1 8971.1 30.9
R -17988.8 8972.6 30.8
R -17992.6 8974.0 30.6
R -17996.3 8975.5 30.4
R -18000.0 8977.0 30.2
R -18003.7 8978.4 30.0
R -18007.5 8979.9 29.8
R -18011.2 8981.4 29.6
R -18014.9 8982.8 29.4
R -18018.6 8984.3 29.3
R -18022.3 8985.7 29.1
R -18026.1 8987.2 28.9
R -18029.8 8988.7 28.7
R -18033.5 8990.1 28.5
R -18037.2 8991.6 28.3
R -18041.0 8993.1 28.1
R -18044.7 8994.5 27.9
R -18048.4 8996.0 27.6
R -18052.1 8997.4 27.4
R -18055.9 8998.9 27.2
R -18059.6 9000.4 27.0
R -18063.3 9001.8 26.8
R -18067.0 9003.3 26.6
R -18070.7 9004.8 26.3
R -18074.5 9006.2 26.1
R -18078.2 9007.7 25.9
R -18081.9 9009.2 25.7
R -18085.6 9010.6 25.4
R -18089.4 9012.1 25.1
R -18093.1 9013.5 24.8
R -18096.8 9015.0 24.3
R -18100.5 9016.5 23.9
R -18104.3 9017.9 23.4
R -18108.0 9019.4 23.0
R -18111.7 9020.9 22.6
R -18115.4 9022.3 22.3
R -18119.1 9023.8 22.0
R -18122.9 9025.2 21.8
R -18126.6 9026.7 21.5
R -18130.3 9028.2 21.2
R -18134.0 9029.6 20.9
R -18137.8 9031.1 20.6
R -18141.5 9032.6 20.3
R -18145.2 9034.0 20.0
R -18148.9 9035.5 19.7
R -18152.7 9036.9 19.3
R -18156.4 9038.4 19.0
R -18160.1 9039.9 18.6
R -18163.8 9041.3 18.3
R -18167.5 9042.8 17.9
R -18171.2 9044.3 17.5
R -18175.0 9045.8 17.1
R -18178.7 9047.3 16.6
R -18182.3 9048.8 16.1
R -18186.0 9050.4 15.9
R -18189.6 9052.0 15.8
R -18193.2 9053.7 15.8
R -18196.7 9055.4 15.8
R -18200.2 9057.2 15.8
R -18203.5 9059.1 15.7
R -18206.8 9061.2 15.7
R -18209.9 9063.4 15.7
R -18212.8 9065.7 15.7
R -18215.5 9068.2 15.7
R -18218.1 9070.8 15.7
R -18220.3 9073.6 15.7
R -18222.4 9076.6 15.7
R -18224.1 9079.7 15.6
R -18225.5 9082.9 15.5
R -18226.6 9086.3 15.2
R -18227.3 9089.8 14.9
R -18227.6 9093.5 14.7
R -18227.6 9097.3 14.4
R -18227.2 9101.1 14.1
R -18226.4 9104.9 13.7
R -18225.3 9108.7 13.5
R -18223.9 9112.4 13.3
R -18222.2 9116.0 13.3
R -18220.2 9119.3 13.3
R -18218.0 9122.4 13.3
R -18215.8 9126.3 13.3
R -18212.0 9128.9 13.2
R -18209.8 9130.8 13.2
R -18206.6 9133.1 13.2
R -18203.3 9135.2 13.2
R -18199.7 9137.0 13.2
R -18196.1 9138.6 13.2
R -18192.3 9139.8 13.2
R -18188.5 9140.8 13.2
R -18184.3 9142.4 13.2
R -18180.1 9142.6 13.2
R -18177.1 9142.0 13.1
R -18173.3 9141.7 13.1
R -18169.6 9141.2 13.1
R -18166.1 9140.2 13.1
R -18162.6 9139.0 13.1
R -18159.0 9137.4 13.0
R -18155.5 9135.7 12.5
R -18152.0 9134.0 11.6
R -18148.5 9132.3 10.6
R -18145.1 9130.9 9.6
R -18141.5 9129.8 9.0
R -18138.0 9129.1 8.5
R -18134.5 9129.0 8.0
R -18131.2 9129.4 7.6
R -18128.0 9129.2 7.6
R -18123.9 9131.6 7.6
R -18122.0 9133.4 7.6
R -18119.2 9135.7 7.6
R -18116.6 9138.6 7.6
R -18114.3 9141.9 7.6
R -18112.2 9145.5 7.6
R -18110.3 9149.3 7.6
R -18108.7 9153.3 7.6
R -18107.1 9157.5 7.6
R -18105.7 9161.6 7.7
R -18104.5 9165.6 7.7
R -18103.3 9169.7 7.8
R -18102.2 9173.6 7.9
R -18101.1 9177.6 7.9
R -18100.2 9181.5 8.0
R -18099.3 9185.4 8.0
R -18098.5 9189.3 8.1
R -18097.9 9193.2 8.1
R -18097.3 9197.1 8.2
R -18096.9 9201.0 8.2
R -18096.6 9204.8 8.3
R -18096.4 9208.7 8.4
R -18096.2 9212.6 8.4
R -18096.1 9216.4 8.5
R -18096.1 9220.2 8.5
R -18096.0 9223.9 8.5
R -18095.9 9227.6 8.2
R -18095.7 9231.1 7.7
R -18095.4 9234.5 7.3
R -18095.0 9237.8 6.8
R -18094.4 9240.8 6.5
R -18093.5 9243.7 6.6
R -18092.5 9246.3 6.6
R -18091.5 9248.6 6.7
R -18089.6 9251.3 6.7
R -18088.9 9252.5 6.0
R -18088.1 9253.6 4.3
R -18081.2 9260.1 2.9
ROUTE TRUCK_2 OUT 331  # x z user m/s
R -18076.0 9253.1 3.1
R -18078.2 9241.8 4.7
R -18078.5 9240.2 5.7
R -18078.9 9238.5 6.6
R -18079.8 9234.5 7.5
R -18080.5 9231.6 8.5
R -18081.3 9228.4 9.4
R -18082.2 9224.9 10.2
R -18083.2 9221.4 10.8
R -18084.2 9217.8 11.2
R -18085.3 9214.2 11.5
R -18086.5 9210.5 11.5
R -18087.8 9206.8 11.6
R -18089.1 9203.1 11.6
R -18090.4 9199.4 11.6
R -18091.9 9195.6 11.6
R -18093.3 9191.9 11.6
R -18094.8 9188.2 11.6
R -18096.3 9184.5 11.5
R -18097.9 9180.9 11.5
R -18099.4 9177.2 11.5
R -18101.0 9173.5 11.5
R -18102.6 9169.9 11.5
R -18104.2 9166.2 11.5
R -18105.9 9162.6 11.5
R -18107.5 9159.0 11.5
R -18109.1 9155.5 11.5
R -18110.8 9152.0 11.5
R -18112.3 9148.5 11.5
R -18113.6 9145.0 11.5
R -18114.5 9141.7 11.4
R -18115.1 9138.4 11.3
R -18115.2 9135.1 10.7
R -18114.9 9132.0 9.8
R -18113.8 9129.0 8.8
R -18112.3 9126.2 8.1
R -18111.3 9123.0 7.9
R -18108.8 9120.4 7.9
R -18105.0 9118.3 8.0
R -18101.7 9115.9 8.1
R -18098.1 9113.7 8.3
R -18094.0 9111.6 8.4
R -18089.8 9109.7 8.5
R -18085.3 9107.8 8.8
R -18080.9 9106.1 9.1
R -18076.5 9104.4 9.5
R -18072.1 9102.9 10.2
R -18067.8 9101.4 11.5
R -18063.8 9099.9 12.8
R -18059.9 9098.4 14.0
R -18056.0 9096.9 15.1
R -18052.2 9095.5 16.2
R -18048.5 9094.0 17.2
R -18044.7 9092.6 18.1
R -18041.0 9091.1 19.1
R -18037.3 9089.6 19.9
R -18033.5 9088.2 20.7
R -18029.8 9086.7 21.5
R -18026.1 9085.3 22.3
R -18022.4 9083.8 23.0
R -18018.6 9082.3 23.7
R -18014.9 9080.9 24.4
R -18011.2 9079.4 25.1
R -18007.5 9078.0 25.7
R -18003.7 9076.5 26.3
R -18000.0 9075.0 26.9
R -17996.3 9073.6 27.5
R -17992.6 9072.1 28.0
R -17988.8 9070.7 28.4
R -17985.1 9069.2 28.8
R -17981.4 9067.8 29.0
R -17977.7 9066.3 29.3
R -17973.9 9064.8 29.5
R -17970.2 9063.4 29.7
R -17966.5 9061.9 29.9
R -17962.8 9060.5 30.1
R -17959.0 9059.0 30.2
R -17955.3 9057.6 30.2
R -17951.6 9056.1 30.2
R -17947.8 9054.7 30.2
R -17944.1 9053.3 30.1
R -17940.4 9051.8 30.1
R -17936.6 9050.4 30.1
R -17932.9 9048.9 30.1
R -17929.2 9047.5 30.0
R -17925.5 9046.0 30.0
R -17921.7 9044.6 30.0
R -17918.0 9043.2 30.0
R -17914.3 9041.7 30.0
R -17910.5 9040.3 29.9
R -17906.8 9038.9 29.9
R -17903.1 9037.4 29.9
R -17899.3 9036.0 29.9
R -17895.6 9034.5 29.9
R -17891.9 9033.1 29.8
R -17888.1 9031.7 29.8
R -17884.4 9030.2 29.8
R -17880.7 9028.8 29.8
R -17876.9 9027.3 29.8
R -17873.2 9025.9 29.7
R -17869.5 9024.5 29.7
R -17865.7 9023.0 29.7
R -17862.0 9021.6 29.7
R -17858.3 9020.1 29.7
R -17854.5 9018.7 29.6
R -17850.8 9017.2 29.6
R -17847.1 9015.8 29.6
R -17843.4 9014.3 29.6
R -17839.6 9012.9 29.6
R -17835.9 9011.5 29.5
R -17832.2 9010.0 29.5
R -17828.4 9008.6 29.5
R -17824.7 9007.1 29.5
R -17821.0 9005.7 29.5
R -17817.3 9004.2 29.4
R -17813.5 9002.8 29.4
R -17809.8 9001.3 29.4
R -17806.1 8999.9 29.4
R -17802.3 8998.4 29.4
R -17798.6 8997.0 29.3
R -17794.9 8995.5 29.3
R -17791.2 8994.1 29.3
R -17787.4 8992.6 29.3
R -17783.7 8991.2 29.3
R -17780.0 8989.7 29.2
R -17776.3 8988.3 29.2
R -17772.5 8986.8 29.2
R -17768.8 8985.3 29.2
R -17765.1 8983.9 29.2
R -17761.4 8982.4 29.1
R -17757.6 8981.0 29.1
R -17753.9 8979.5 29.1
R -17750.2 8978.1 29.1
R -17746.5 8976.6 29.1
R -17742.7 8975.1 29.0
R -17739.0 8973.7 29.0
R -17735.3 8972.2 29.0
R -17731.6 8970.7 29.0
R -17727.8 8969.3 29.0
R -17724.1 8967.8 28.9
R -17720.4 8966.4 28.9
R -17716.7 8964.9 28.9
R -17712.9 8963.4 28.9
R -17709.2 8962.0 28.9
R -17705.5 8960.5 28.8
R -17701.8 8959.0 28.8
R -17698.1 8957.6 28.8
R -17694.3 8956.1 28.8
R -17690.6 8954.6 28.8
R -17686.9 8953.2 28.8
R -17683.2 8951.7 28.7
R -17679.4 8950.3 28.7
R -17675.7 8948.8 28.7
R -17672.0 8947.3 28.7
R -17668.3 8945.9 28.7
R -17664.6 8944.4 28.7
R -17660.8 8943.0 28.7
R -17657.1 8941.5 28.8
R -17653.4 8940.0 28.8
R -17649.7 8938.6 28.9
R -17645.9 8937.1 29.0
R -17642.2 8935.7 29.1
R -17638.5 8934.2 29.2
R -17634.8 8932.7 29.3
R -17631.0 8931.3 29.4
R -17627.3 8929.8 29.5
R -17623.6 8928.4 29.5
R -17619.9 8926.9 29.6
R -17616.1 8925.4 29.6
R -17612.4 8924.0 29.6
R -17608.7 8922.5 29.6
R -17605.0 8921.1 29.5
R -17601.2 8919.6 29.5
R -17597.5 8918.1 29.5
R -17593.8 8916.7 29.5
R -17590.1 8915.2 29.5
R -17586.3 8913.8 29.4
R -17582.6 8912.3 29.4
R -17578.9 8910.9 29.4
R -17575.2 8909.4 29.4
R -17571.4 8907.9 29.4
R -17567.7 8906.5 29.3
R -17564.0 8905.0 29.3
R -17560.3 8903.6 29.3
R -17556.5 8902.1 29.3
R -17552.8 8900.6 29.3
R -17549.1 8899.2 29.2
R -17545.4 8897.7 29.2
R -17541.6 8896.3 29.2
R -17537.9 8894.8 29.2
R -17534.2 8893.3 29.2
R -17530.5 8891.9 29.1
R -17526.7 8890.4 29.1
R -17523.0 8889.0 29.1
R -17519.3 8887.5 29.1
R -17515.6 8886.1 29.1
R -17511.8 8884.6 29.0
R -17508.1 8883.1 29.0
R -17504.4 8881.7 29.0
R -17500.7 8880.2 29.0
R -17496.9 8878.8 29.0
R -17493.2 8877.3 28.9
R -17489.5 8875.8 28.9
R -17485.8 8874.4 28.9
R -17482.1 8872.9 28.9
R -17478.3 8871.5 28.9
R -17474.6 8870.0 28.8
R -17470.9 8868.6 28.8
R -17467.2 8867.1 28.8
R -17463.4 8865.6 28.8
R -17459.7 8864.2 28.8
R -17456.0 8862.7 28.7
R -17452.3 8861.3 28.7
R -17448.5 8859.8 28.7
R -17444.8 8858.3 28.7
R -17441.1 8856.9 28.7
R -17437.4 8855.4 28.7
R -17433.6 8854.0 28.6
R -17429.9 8852.5 28.6
R -17426.2 8851.0 28.6
R -17422.5 8849.6 28.6
R -17418.7 8848.1 28.6
R -17415.0 8846.7 28.5
R -17411.3 8845.2 28.5
R -17407.6 8843.8 28.5
R -17403.8 8842.3 28.5
R -17400.1 8840.8 28.5
R -17396.4 8839.4 28.4
R -17392.7 8837.9 28.4
R -17388.9 8836.5 28.4
R -17385.2 8835.0 28.4
R -17381.5 8833.5 28.4
R -17377.8 8832.1 28.3
R -17374.0 8830.6 28.3
R -17370.3 8829.2 28.3
R -17366.6 8827.7 28.3
R -17362.9 8826.2 28.3
R -17359.1 8824.8 28.2
R -17355.4 8823.3 28.2
R -17351.7 8821.9 28.2
R -17348.0 8820.4 28.2
R -17344.2 8819.0 28.2
R -17340.5 8817.5 28.1
R -17336.8 8816.0 28.1
R -17333.1 8814.6 28.1
R -17329.3 8813.1 28.1
R -17325.6 8811.7 28.1
R -17321.9 8810.2 28.1
R -17318.2 8808.7 28.0
R -17314.4 8807.3 28.0
R -17310.7 8805.8 28.0
R -17307.0 8804.4 28.0
R -17303.3 8802.9 28.0
R -17299.5 8801.4 27.9
R -17295.8 8800.0 27.9
R -17292.1 8798.5 27.9
R -17288.4 8797.1 27.9
R -17284.7 8795.6 27.9
R -17280.9 8794.2 27.8
R -17277.2 8792.7 27.8
R -17273.5 8791.2 27.8
R -17269.8 8789.8 27.8
R -17266.0 8788.3 27.8
R -17262.3 8786.9 27.8
R -17258.6 8785.4 27.7
R -17254.9 8783.9 27.7
R -17251.1 8782.5 27.6
R -17247.4 8781.0 27.5
R -17243.7 8779.6 27.3
R -17240.0 8778.1 27.2
R -17236.2 8776.6 27.0
R -17232.5 8775.2 26.8
R -17228.8 8773.7 26.6
R -17225.1 8772.3 26.4
R -17221.3 8770.8 26.2
R -17217.6 8769.4 26.0
R -17213.9 8767.9 25.7
R -17210.2 8766.4 25.4
R -17206.4 8765.0 25.1
R -17202.7 8763.5 24.7
R -17199.0 8762.1 24.3
R -17195.3 8760.6 23.9
R -17191.5 8759.1 23.5
R -17187.8 8757.7 23.1
R -17184.1 8756.2 22.7
R -17180.4 8754.8 22.2
R -17176.6 8753.3 21.8
R -17172.9 8751.8 21.3
R -17169.1 8750.3 20.9
R -17165.3 8748.8 20.4
R -17161.3 8747.3 19.9
R -17157.3 8745.7 19.4
R -17153.3 8744.1 18.9
R -17149.3 8742.5 18.3
R -17145.4 8740.8 17.8
R -17141.6 8739.0 17.3
R -17137.9 8737.1 16.8
R -17134.5 8735.1 16.5
R -17131.2 8732.9 16.2
R -17127.1 8730.7 15.9
R -17125.2 8728.3 15.7
R -17122.5 8725.7 15.3
R -17120.1 8723.0 14.8
R -17117.9 8720.1 14.1
R -17116.2 8717.1 13.4
R -17114.8 8713.9 12.7
R -17113.7 8710.6 11.9
R -17112.8 8707.2 11.0
R -17112.3 8703.7 10.1
R -17112.0 8700.1 9.4
R -17112.0 8696.5 9.0
R -17111.1 8692.8 8.5
R -17112.4 8689.1 8.0
R -17112.9 8685.5 7.5
R -17113.7 8681.8 7.2
R -17114.7 8678.2 7.1
R -17115.9 8674.7 7.1
R -17117.3 8671.3 7.1
R -17119.0 8668.1 7.1
R -17120.8 8665.0 7.1
R -17122.7 8662.1 7.1
R -17124.9 8659.5 7.1
R -17127.1 8657.1 7.1
R -17129.4 8655.0 7.1
R -17131.9 8653.1 7.1
R -17134.2 8651.6 7.1
R -17136.5 8650.3 7.1
R -17139.7 8649.1 7.1
R -17141.0 8648.5 7.1
R -17142.4 8648.1 7.1
R -17152.1 8646.2 7.1
TAKEOFF -17152.8 8645.9 61.3 82.4 15.2  # roll start x z (on the centre line), rotate m/s, lift-off m/s, lift-off pitch deg
CLIMB 0 3.0 82.4 1 1  # m past lift-off, height above the runway, m/s, gear, flaps
CLIMB 500 41.2 95.0 0 1  # m past lift-off, height above the runway, m/s, gear, flaps
CLIMB 1000 112.2 186.0 0 0  # m past lift-off, height above the runway, m/s, gear, flaps
CLIMB 2000 200.1 187.1 0 0  # m past lift-off, height above the runway, m/s, gear, flaps
CLIMB 3000 200.1 187.1 0 0  # m past lift-off, height above the runway, m/s, gear, flaps
