SURF
V 0 28.7879 -19.6976
V 10.6644 23.4616 16.8875
V -10.6644 23.4616 16.8875
V 0 23.3955 -75.2497
V 0 23.4616 30.7696
V 10.6644 23.3955 -60.9137
V -10.6644 23.3955 -60.9137
V 43.436 9.6953 -10.1915
V -43.436 9.6953 -10.1915
V 15.7304 0 262.4794
V -15.7304 0 262.4794
V 17.1754 0 196.9556
V -17.1754 0 196.9556
V 13.4953 0 278.8985
V -13.4953 0 278.8985
V 9.7893 0 290.3537
V -9.7893 0 290.3537
V 0 0 294.7131
V 19.0258 0 90.2015
V -19.0258 0 90.2015
V 54.9618 0 -27.3778
V -54.9618 0 -27.3778
V 54.4596 0 -136.4012
V -54.4596 0 -136.4012
V 54.4596 15.0857 -120.873
V -54.4596 15.0857 -120.873
V 48.4341 15.0857 -27.3778
V -48.4341 15.0857 -27.3778
V 10.741 15.0857 72.2921
V -10.741 15.0857 72.2921
V 0 6.882 293.2695
V 9.1328 15.0857 274.1062
V -9.1328 15.0857 274.1062
V 10.5858 15.0857 257.0516
V -10.5858 15.0857 257.0516
V 10.7123 15.0857 196.9556
V -10.7123 15.0857 196.9556
V 10.5378 15.0857 240.6325
V -10.5378 15.0857 240.6325
V 32.4931 0 -136.4012
V -32.4931 0 -136.4012
V 37.6161 15.0857 -120.873
V -37.6161 15.0857 -120.873
V 36.0691 3.3651 -174.6562
V -36.0691 3.3651 -174.6562
V 36.0691 0 -174.6562
V -36.0691 0 -174.6562
V 54.4596 3.3651 -174.6562
V -54.4596 3.3651 -174.6562
V 54.4596 0 -174.6562
V -54.4596 0 -174.6562
V 0 0 278.8985
V 0 0 290.3537
V 38.4451 15.0857 -27.88
V -38.4451 15.0857 -27.88
V 34.3968 9.0166 -122.5875
V -34.3968 9.0166 -122.5875
V 35.8775 11.1713 -28.6738
V -35.8775 11.1713 -28.6738
V 43.4396 15.0857 -16.0799
V -43.4396 15.0857 -16.0799
V 27.036 8.842 5.4522
V -27.036 8.842 5.4522
V 24.4922 10.5214 -48.9429
V -24.4922 10.5214 -48.9429
V 16.4342 11.1432 -100.0472
V -16.4342 11.1432 -100.0472
V 19.3379 0 -136.0525
V -19.3379 0 -136.0525
V 34.748 9.5276 -100.3144
V -34.748 9.5276 -100.3144
V 17.3784 15.0857 39.9439
V -17.3784 15.0857 39.9439
V 22.6693 15.0857 -17.2875
V -22.6693 15.0857 -17.2875
V 10.6662 15.0857 -75.544
V -10.6662 15.0857 -75.544
V 10.741 15.0857 -163.6599
V -10.741 15.0857 -163.6599
V 0 15.0857 -165.7652
V 0 0.0132 -197.9678 R
V 17.8271 0 -177.0501 R
V -17.8271 0 -177.0501 R
V 10.4992 0.0065 -194.7473 R
V -10.4992 0.0065 -194.7473 R
V 20.4663 15.0857 -50.7887
V -20.4663 15.0857 -50.7887
F
C 255 255 255
N 53.0788 7.5429 -78.0075 -0.9798 -0.1982 -0.0267
V 20 22 24 26
E
F
C 255 255 255
N -53.0788 7.5429 -78.0075 0.9798 -0.1982 -0.0267
V 25 23 21 27
E
F
C 255 255 255
N 14.4136 7.5429 139.1012 -0.8967 -0.4426 -0.0073
V 11 18 28 35
E
F
C 255 255 255
N -14.4136 7.5429 139.1012 0.8967 -0.4426 -0.0073
V 29 19 12 36
E
F
C 255 255 255
N 4.7305 5.4919 288.1106 -0.5615 -0.5291 -0.6362
V 17 15 31 30
E
F
C 255 255 255
N -4.7305 5.4919 288.1106 0.5615 -0.5291 -0.6362
V 32 16 17 30
E
F
C 255 255 255
N 10.7508 7.5429 275.1025 -0.9313 -0.3229 -0.1685
V 15 13 33 31
E
F
C 255 255 255
N -10.7508 7.5429 275.1025 0.9313 -0.3229 -0.1685
V 34 14 16 32
E
F
C 255 255 255
N 12.5873 7.5429 259.7655 -0.9376 -0.3422 -0.0624
V 13 9 37 33
E
F
C 255 255 255
N -12.5873 7.5429 259.7655 0.9376 -0.3422 -0.0624
V 38 10 14 34
E
F
C 255 255 255
N 13.539 7.5429 224.2558 -0.9293 -0.369 -0.0138
V 9 11 35 37
E
F
C 255 255 255
N -13.539 7.5429 224.2558 0.9293 -0.369 -0.0138
V 36 12 10 38
E
F
C 255 255 255
N 35.5618 4.6127 -151.6467 0.9474 -0.3143 0.0609
V 39 41 43 45
E
F
C 255 255 255
N -35.5618 4.6127 -151.6467 -0.9474 -0.3143 0.0609
V 44 42 40 46
E
F
C 255 255 255
N 45.6511 9.2254 -147.7646 0 -0.9771 0.2129
V 41 24 47 43
E
F
C 255 255 255
N -45.6511 9.2254 -147.7646 0 -0.9771 0.2129
V 48 25 42 44
E
F
C 255 255 255
N 54.4596 4.6127 -151.6467 -1 0 0
V 24 22 49 47
E
F
C 255 255 255
N -54.4596 4.6127 -151.6467 1 0 0
V 50 23 25 48
E
F
C 255 255 255
N 5.8212 0 284.6261 0 1 0
V 51 13 15 52
E
F
C 255 255 255
N -5.8212 0 284.6261 0 1 0
V 16 14 51 52
E
F
C 255 255 255
N 3.2631 0 291.8069 0 1 0
V 52 15 17
E
F
C 255 255 255
N -3.2631 0 291.8069 0 1 0
V 17 16 52
E
F
C 255 255 255
N 44.7387 15.0857 -74.251 0 -1 0
V 24 41 53 26
E
F
C 255 255 255
N -44.7387 15.0857 -74.251 0 -1 0
V 54 42 25 27
E
F
C 255 255 255
N 43.4396 15.0857 -23.7792 0 -1 0
V 26 53 59
E
F
C 255 255 255
N -43.4396 15.0857 -23.7792 0 -1 0
V 60 54 27
E
F
C 255 255 255
N 40.2995 12.7595 -20.7063 0.8274 -0.4278 -0.3638
V 7 59 53 57
E
F
C 255 255 255
N -40.2995 12.7595 -20.7063 -0.8274 -0.4278 -0.3638
V 54 60 8 58
E
F
C 255 255 255
N 47.5679 9.9667 -20.2568 -0.8513 -0.3764 -0.3656
V 7 20 26 59
E
F
C 255 255 255
N -47.5679 9.9667 -20.2568 0.8513 -0.3764 -0.3656
V 27 21 8 60
E
F
C 255 255 255
N 25.6655 5.0399 -123.7721 -0.2106 0.9047 -0.3703
V 39 55 65 67
E
F
C 255 255 255
N -25.6655 5.0399 -123.7721 0.2106 0.9047 -0.3703
V 66 56 40 68
E
F
C 255 255 255
N 36.9364 13.233 -83.0225 0.8766 -0.4812 -0.0078
V 69 53 41
E
F
C 255 255 255
N -36.9364 13.233 -83.0225 -0.8766 -0.4812 -0.0078
V 42 54 70
E
F
C 255 255 255
N 35.587 11.2099 -114.5917 0.8838 -0.4679 -0.0032
V 55 69 41
E
F
C 255 255 255
N -35.587 11.2099 -114.5917 -0.8838 -0.4679 -0.0032
V 42 70 56
E
F
C 255 255 255
N 36.3568 11.9282 -52.2894 0.8362 -0.5484 -0.0006
V 69 57 53
E
F
C 255 255 255
N -36.3568 11.9282 -52.2894 -0.8362 -0.5484 -0.0006
V 54 58 70
E
F
C 255 255 255
N 28.5263 9.8958 -107.6497 -0.0875 -0.9959 0.0242
V 55 65 69
E
F
C 255 255 255
N -28.5263 9.8958 -107.6497 0.0875 -0.9959 0.0242
V 70 66 56
E
F
C 255 255 255
N 27.888 10.5909 -69.4946 -0.0401 -0.9991 0.0113
V 57 69 65 63
E
F
C 255 255 255
N -27.888 10.5909 -69.4946 0.0401 -0.9991 0.0113
V 66 70 58 64
E
F
C 255 255 255
N 29.1352 10.1782 -24.0549 0.1212 -0.992 -0.0363
V 57 63 61
E
F
C 255 255 255
N -29.1352 10.1782 -24.0549 -0.1212 -0.992 -0.0363
V 62 64 58
E
F
C 255 255 255
N 31.3438 7.4271 14.1971 -0.0432 -0.9941 -0.0995
V 7 57 61 18
E
F
C 255 255 255
N -31.3438 7.4271 14.1971 0.0432 -0.9941 -0.0995
V 62 58 8 19
E
F
C 255 255 255
N 39.1412 3.2318 17.544 -0.8132 -0.5262 -0.2486
V 7 18 20
E
F
C 255 255 255
N -39.1412 3.2318 17.544 0.8132 -0.5262 -0.2486
V 21 19 8
E
F
C 255 255 255
N 7.0801 10.0593 -174.7241 0.0853 0.8962 -0.4354
V 83 77 79
E
F
C 255 255 255
N -7.0801 10.0593 -174.7241 -0.0853 0.8962 -0.4354
V 79 78 84
E
F
C 255 255 255
N 3.4997 5.0351 -186.1601 0.1295 0.8981 -0.4203
V 80 83 79
E
F
C 255 255 255
N -3.4997 5.0351 -186.1601 -0.1295 0.8981 -0.4203
V 79 84 80
E
F
C 255 255 255
N 13.0224 5.0307 -178.4857 0.7309 0.6118 -0.3024
V 83 81 77
E
F
C 255 255 255
N -13.0224 5.0307 -178.4857 -0.7309 0.6118 -0.3024
V 78 82 84
E
F
C 255 255 255
N 15.9687 5.0286 -158.9208 0.8931 0.4487 -0.0329
V 67 77 81
E
F
C 255 255 255
N -15.9687 5.0286 -158.9208 -0.8931 0.4487 -0.0329
V 82 78 68
E
F
C 255 255 255
N 15.5044 8.743 -133.2532 0.9078 0.4158 -0.0555
V 65 77 67
E
F
C 255 255 255
N -15.5044 8.743 -133.2532 -0.9078 0.4158 -0.0555
V 68 78 66
E
F
C 255 255 255
N 12.6138 13.7715 -113.0837 0.5657 0.8246 0.0005
V 65 75 77
E
F
C 255 255 255
N -12.6138 13.7715 -113.0837 -0.5657 0.8246 0.0005
V 78 76 66
E
F
C 255 255 255
N 22.894 12.3837 -5.2086 0.7674 0.6406 0.0285
V 61 71 73 63
E
F
C 255 255 255
N -22.894 12.3837 -5.2086 -0.7674 0.6406 0.0285
V 74 72 62 64
E
F
C 255 255 255
N 18.5453 9.7534 51.9724 -0.8096 -0.5689 -0.1442
V 18 61 71 28
E
F
C 255 255 255
N -18.5453 9.7534 51.9724 0.8096 -0.5689 -0.1442
V 72 62 19 29
E
F
C 255 255 255
N 20.4642 12.2501 -66.5929 0.7674 0.6311 -0.1133
V 85 65 63
E
F
C 255 255 255
N -20.4642 12.2501 -66.5929 -0.7674 0.6311 -0.1133
V 64 66 86
E
F
C 255 255 255
N 22.5426 13.5643 -39.0064 0.7589 0.6492 -0.0499
V 73 85 63
E
F
C 255 255 255
N -22.5426 13.5643 -39.0064 -0.7589 0.6492 -0.0499
V 64 86 74
E
F
C 255 255 255
N 15.8556 13.7715 -75.46 0.2458 0.9644 -0.0973
V 85 75 65
E
F
C 255 255 255
N -15.8556 13.7715 -75.46 -0.2458 0.9644 -0.0973
V 66 76 86
E
F
C 255 255 255
N 13.9323 17.8556 -62.4155 0.7802 0.544 -0.3089
V 5 75 85
E
F
C 255 255 255
N -13.9323 17.8556 -62.4155 -0.7802 0.544 -0.3089
V 86 76 6
E
F
C 255 255 255
N 16.1161 19.2571 -28.0256 0.599 0.8006 -0.0123
V 1 5 85 73
E
F
C 255 255 255
N -16.1161 19.2571 -28.0256 -0.599 0.8006 -0.0123
V 86 6 2 74
E
F
C 255 255 255
N 16.904 17.8777 13.1813 0.6862 0.7247 0.0634
V 1 73 71
E
F
C 255 255 255
N -16.904 17.8777 13.1813 -0.6862 0.7247 0.0634
V 72 74 2
E
F
C 255 255 255
N 12.9279 17.8777 43.0412 -0.5863 -0.8011 -0.1203
V 1 28 71
E
F
C 255 255 255
N -12.9279 17.8777 43.0412 0.5863 -0.8011 -0.1203
V 72 29 2
E
F
C 255 255 255
N 3.5548 25.237 9.3198 0.1354 0.9853 0.104
V 0 1 4
E
F
C 255 255 255
N -3.5548 25.237 9.3198 -0.1354 0.9853 0.104
V 2 0 4
E
F
C 255 255 255
N 7.1096 25.215 -21.2413 0.4489 0.8936 -0.0008
V 0 5 1
E
F
C 255 255 255
N -7.1096 25.215 -21.2413 -0.4489 0.8936 -0.0008
V 6 0 2
E
F
C 255 255 255
N 3.5548 25.1929 -51.9537 0.1288 0.987 -0.0958
V 0 3 5
E
F
C 255 255 255
N -3.5548 25.1929 -51.9537 -0.1288 0.987 -0.0958
V 3 0 6
E
F
C 255 255 255
N 0 12.3511 280.494 0 -0.9193 -0.3935
V 30 31 32
E
F
C 255 255 255
N 0 15.0857 265.5789 0 -1 0
V 31 33 34 32
E
F
C 255 255 255
N 0 15.0857 248.8421 0 -1 0
V 33 37 38 34
E
F
C 255 255 255
N 0 15.0857 218.7941 0 -1 0
V 35 36 38 37
E
F
C 255 255 255
N 0 15.0857 134.6239 0 -1 0
V 28 29 36 35
E
F
C 255 255 255
N 0 15.0857 -1.6259 0 -1 0
V 28 75 76 29
E
F
C 255 255 255
N 0 15.0857 -119.6019 0 1 0
V 75 76 78 77
E
F
C 255 255 255
N 0 15.0857 -164.3617 0 1 0
V 77 78 79
E
E
